Subject	stim_Pho	Home	Guanhua	Geo	Sex	Age	Num_Chinese	Num_ProfLangs	English	stim_order	ND	NW	Reps	WE	RE	SN	mEdit	k	NC	M	CC	hop1	hop2	hop3	hop4	hop5	hop6	hop7	I
2	kuo4	Guangdong	No	South	F	25	3	3	8	1	7	0	1	5.66	0.708	0.375	2.18	2.25	1	-0.108	0.458	4	1	1	1	0	0	0	0
2	tu2	Guangdong	No	South	F	25	3	3	8	2	12	0	0	7.33	0.778	0.167	1.69	5.08	2	0.422	0.637	3	8	0	0	0	0	0	1
2	an3	Guangdong	No	South	F	25	3	3	8	3	17	0	0	10.75	0.702	0	2.16	2.11	6	0.067	0.583	2	3	0	0	0	0	0	12
2	iE1	Guangdong	No	South	F	25	3	3	8	4	8	1	1	3.81	0.249	0	3.06	0.67	6	0	0	1	0	0	0	0	0	0	7
2	uaI4	Guangdong	No	South	F	25	3	3	8	5	11	0	1	8.96	0.746	0.083	1.86	2.67	3	0.177	0.564	5	3	0	0	0	0	0	3
2	c@N1	Guangdong	No	South	F	25	3	3	8	6	11	0	0	5.95	0.488	0	2.89	0.5	9	-0.25	0	1	1	0	0	0	0	0	9
3	uaI4	Jiangxi	No	South	F	19	2	1	8	1	12	2	0	10.64	0.909	0.143	1.6	5.23	1	0.311	0.538	8	3	1	0	0	0	0	0
3	tu2	Jiangxi	No	South	F	19	2	1	8	2	22	0	0	12.5	0.841	0.5	1.66	7.39	1	0.177	0.658	3	15	4	0	0	0	0	0
3	kuo4	Jiangxi	No	South	F	19	2	1	8	3	12	0	2	11.32	0.927	0.071	1.27	8.77	1	-0.186	0.818	10	2	0	0	0	0	0	0
3	iE1	Jiangxi	No	South	F	19	2	1	8	4	11	0	1	6.8	0.887	0.25	1.92	3.5	1	-0.285	0.561	3	4	4	0	0	0	0	0
3	an3	Jiangxi	No	South	F	19	2	1	8	5	31	0	0	23.19	0.913	0.645	1.74	9.38	2	0.473	0.599	9	20	1	0	0	0	0	1
3	c@N1	Jiangxi	No	South	F	19	2	1	8	6	11	2	2	5.95	0.752	0.333	2.18	1.5	4	-0.417	0	1	1	0	0	0	0	0	9
4	iE1	Jilin	Yes	North	F	18	1	1	5	1	13	0	0	10.62	0.895	0.692	1.63	4.86	1	0.087	0.44	6	7	0	0	0	0	0	0
4	uaI4	Jilin	Yes	North	F	18	1	1	5	2	28	6	0	19.88	0.901	0.765	1.99	6.69	1	0.405	0.466	8	16	4	0	0	0	0	0
4	tu2	Jilin	Yes	North	F	18	1	1	5	3	31	4	0	20.45	0.871	0.771	2.06	6.88	1	0.447	0.39	8	22	1	0	0	0	0	0
4	an3	Jilin	Yes	North	F	18	1	1	5	4	31	3	0	23.04	0.881	0.735	1.91	7.88	2	0.129	0.557	10	18	0	0	0	0	0	3
4	c@N1	Jilin	Yes	North	F	18	1	1	5	5	32	7	4	24.86	0.921	0.767	1.69	9.88	1	0.445	0.591	11	21	0	0	0	0	0	0
4	kuo4	Jilin	Yes	North	F	18	1	1	5	6	32	9	0	24.63	0.907	0.756	2.01	8.55	2	0.158	0.617	11	18	0	0	0	0	0	3
5	an3	Inner Mongolia	No	North	M	21	1	1	6	1	36	3	5	16.48	0.869	0.773	3.1	4.59	3	0.201	0.431	5	6	0	0	0	0	0	25
5	kuo4	Inner Mongolia	No	North	M	21	1	1	6	2	21	3	5	11.62	0.836	0.759	3.13	3.45	4	-0.13	0.624	5	5	0	0	0	0	0	11
5	uaI4	Inner Mongolia	No	North	M	21	1	1	6	3	26	5	5	19.31	0.909	0.778	2.11	5.78	1	0.356	0.335	8	16	2	0	0	0	0	0
5	c@N1	Inner Mongolia	No	North	M	21	1	1	6	4	25	10	1	15.57	0.869	0.75	2.34	4.38	1	0.271	0.347	6	10	8	1	0	0	0	0
5	tu2	Inner Mongolia	No	North	M	21	1	1	6	5	35	4	1	17.99	0.858	0.775	2.34	6.83	3	0.337	0.576	8	17	2	0	0	0	0	8
5	iE1	Inner Mongolia	No	North	M	21	1	1	6	6	22	3	1	13.77	0.794	0.731	2.49	4.96	3	0.006	0.587	7	9	0	0	0	0	0	6
6	uaI4	Jiangxi	No	South	M	18	3	1	6	1	9	0	0	7.98	0.803	0.111	1.96	2.4	2	-0.356	0.427	6	2	0	0	0	0	0	1
6	c@N1	Jiangxi	No	South	M	18	3	1	6	2	8	1	0	6.65	0.552	0	2.08	2.22	2	-0.278	0.393	5	2	0	0	0	0	0	1
6	an3	Jiangxi	No	South	M	18	3	1	6	3	6	0	0	2.5	0.667	0	1.9	1.71	2	-0.286	0.143	1	2	2	0	0	0	0	1
6	iE1	Jiangxi	No	South	M	18	3	1	6	4	8	0	0	5.57	0.509	0	2.75	0.89	6	-0.317	0.259	3	0	0	0	0	0	0	5
6	tu2	Jiangxi	No	South	M	18	3	1	6	5	9	0	1	4.25	0.45	0	2.96	0.8	7	0	0.3	1	0	0	0	0	0	0	8
6	kuo4	Jiangxi	No	South	M	18	3	1	6	6	8	0	1	7.07	0.74	0	2.08	3.33	4	0	0.667	5	0	0	0	0	0	0	3
7	iE1	Fujian	No	South	M	18	2	1	6	1	9	0	0	9	0.962	0.333	1.4	5.4	1	0	0.95	9	0	0	0	0	0	0	0
7	kuo4	Fujian	No	South	M	18	2	1	6	2	10	0	0	9.32	0.898	0.3	1.58	4.18	1	0.015	0.679	8	2	0	0	0	0	0	0
7	an3	Fujian	No	South	M	18	2	1	6	3	3	0	0	2.5	0.833	0.667	1.33	2	1	-0.714	0.583	2	1	0	0	0	0	0	0
7	tu2	Fujian	No	South	M	18	2	1	6	4	8	0	0	8	0.938	0.25	1.33	5.33	1	0	0.952	8	0	0	0	0	0	0	0
7	uaI4	Fujian	No	South	M	18	2	1	6	5	9	1	0	9	0.966	0.3	1.31	6.2	1	0.073	0.961	9	0	0	0	0	0	0	0
7	c@N1	Fujian	No	South	M	18	2	1	6	6	8	0	0	8	0.958	0.125	1.19	6.44	1	-0.275	0.861	8	0	0	0	0	0	0	0
9	tu2	Chongqing	Yes	South	F	24	1	1	4	1	39	4	9	23	0.865	0.769	1.88	9.95	2	0.402	0.632	10	25	0	0	0	0	0	4
9	kuo4	Chongqing	Yes	South	F	24	1	1	4	2	28	4	5	16.16	0.831	0.757	2.71	4.14	2	0.496	0.468	4	13	6	2	0	0	0	3
9	uaI4	Chongqing	Yes	South	F	24	1	1	4	3	22	6	1	16.58	0.884	0.724	2.03	5.48	1	0.333	0.436	8	12	2	0	0	0	0	0
9	an3	Chongqing	Yes	South	F	24	1	1	4	4	25	3	0	19.15	0.9	0.75	1.82	7.85	2	0.219	0.49	9	15	0	0	0	0	0	1
9	iE1	Chongqing	Yes	South	F	24	1	1	4	5	20	12	1	6.33	0.752	0.758	2.77	3.24	4	-0.076	0.567	4	2	0	0	0	0	0	14
9	c@N1	Chongqing	Yes	South	F	24	1	1	4	6	34	12	0	25.86	0.904	0.761	1.86	8.97	2	0.505	0.647	12	19	0	0	0	0	0	3
10	iE1	Shanxi	Yes	North	F	19	1	1	7	1	26	13	0	17.56	0.913	0.769	2.01	6.44	1	0.444	0.358	7	13	6	0	0	0	0	0
10	an3	Shanxi	Yes	North	F	19	1	1	7	2	34	6	1	22.14	0.863	0.756	2.52	6.74	2	0.306	0.504	9	15	3	0	0	0	0	7
10	c@N1	Shanxi	Yes	North	F	19	1	1	7	3	44	8	9	30.8	0.878	0.754	2.21	9.02	3	0.318	0.661	11	23	1	0	0	0	0	9
10	uaI4	Shanxi	Yes	North	F	19	1	1	7	4	41	14	9	31.82	0.92	0.766	1.7	12.19	1	0.609	0.66	14	27	0	0	0	0	0	0
10	kuo4	Shanxi	Yes	North	F	19	1	1	7	5	40	11	1	30.16	0.909	0.75	1.94	9.66	1	0.63	0.534	13	25	2	0	0	0	0	0
10	tu2	Shanxi	Yes	North	F	19	1	1	7	6	42	5	1	25	0.865	0.771	1.88	10.65	2	0.467	0.652	11	27	0	0	0	0	0	4
11	iE1	Fujian	No	South	F	19	2	1	7	1	22	0	0	14.14	0.825	0.727	2.27	4.78	1	0.184	0.387	8	11	3	0	0	0	0	0
11	kuo4	Fujian	No	South	F	19	2	1	7	2	17	2	1	13.61	0.832	0.65	2.05	4	2	-0.092	0.432	8	7	0	0	0	0	0	2
11	uaI4	Fujian	No	South	F	19	2	1	7	3	10	0	0	6.3	0.799	0.7	2.24	2.55	3	-0.182	0.667	3	2	0	0	0	0	0	5
11	c@N1	Fujian	No	South	F	19	2	1	7	4	11	2	7	8.96	0.882	0.65	1.74	3.83	1	-0.074	0.333	5	6	0	0	0	0	0	0
11	an3	Fujian	No	South	F	19	2	1	7	5	16	1	0	10.47	0.794	0.706	2.38	3.41	2	0.047	0.4	5	7	1	0	0	0	0	3
11	tu2	Fujian	No	South	F	19	2	1	7	6	20	0	0	10.5	0.774	0.65	2.08	4.86	2	0.139	0.422	5	9	5	0	0	0	0	1
12	iE1	Liaoning/Shanghai	Other	Other	F	20	2	1	7	1	7	0	0	5.66	0.523	0.286	2	2.25	2	-0.527	0.35	5	1	0	0	0	0	0	1
12	an3	Liaoning/Shanghai	Other	Other	F	20	2	1	7	2	14	0	0	11.8	0.819	0.357	1.9	4	2	-0.129	0.543	8	5	0	0	0	0	0	1
12	uaI4	Liaoning/Shanghai	Other	Other	F	20	2	1	7	3	7	0	1	5.3	0.745	0.125	1.96	1.25	3	-0.25	0	2	1	0	0	0	0	0	4
12	kuo4	Liaoning/Shanghai	Other	Other	F	20	2	1	7	4	8	0	0	7	0.875	0	2.14	3.56	3	0	0.667	5	0	0	0	0	0	0	3
12	c@N1	Liaoning/Shanghai	Other	Other	F	20	2	1	7	5	8	0	0	7.66	0.789	0.125	1.69	3.78	2	-0.499	0.608	7	0	0	0	0	0	0	1
12	tu2	Liaoning/Shanghai	Other	Other	F	20	2	1	7	6	10	0	0	10	0.85	0.1	1.42	5.82	1	-0.205	0.863	10	0	0	0	0	0	0	0
13	c@N1	Guangdong	No	South	F	25	2	2	7	1	11	0	0	9.3	0.753	0.091	1.7	3.33	2	0.228	0.672	6	4	0	0	0	0	0	1
13	iE1	Guangdong	No	South	F	25	2	2	7	2	7	0	0	3.5	0.643	0.286	2.25	1.5	3	-0.357	0.292	3	0	0	0	0	0	0	4
13	kuo4	Guangdong	No	South	F	25	2	2	7	3	6	0	0	4.31	0.498	0.167	2.29	1.43	3	-0.402	0.238	2	2	0	0	0	0	0	2
13	an3	Guangdong	No	South	F	25	2	2	7	4	10	0	1	7.12	0.708	0	1.87	2.55	3	-0.044	0.418	2	4	0	0	0	0	0	4
13	tu2	Guangdong	No	South	F	25	2	2	7	5	14	0	1	9.32	0.611	0.267	2.11	3.07	3	0.015	0.416	6	6	0	0	0	0	0	2
13	uaI4	Guangdong	No	South	F	25	2	2	7	6	7	0	0	5.98	0.734	0.143	1.82	2.25	2	0	0.438	4	2	0	0	0	0	0	1
14	tu2	Fujian	No	South	F	19	1	1	6	1	9	0	0	6.98	0.869	0.667	1.84	3.2	1	0.086	0.3	4	5	0	0	0	0	0	0
14	iE1	Fujian	No	South	F	19	1	1	6	2	9	0	0	6	0.889	0.667	1.64	3.8	1	-0.522	0.467	4	4	1	0	0	0	0	0
14	an3	Fujian	No	South	F	19	1	1	6	3	9	0	0	6.66	0.832	0.667	1.73	3.4	2	-0.169	0.397	4	4	0	0	0	0	0	1
14	c@N1	Fujian	No	South	F	19	1	1	6	4	7	0	0	5.98	0.807	0.571	1.86	2.5	1	-0.304	0.312	4	3	0	0	0	0	0	0
14	kuo4	Fujian	No	South	F	19	1	1	6	5	13	0	0	10.21	0.871	0.692	2.07	3.57	2	0.11	0.255	5	6	0	0	0	0	0	2
14	uaI4	Fujian	No	South	F	19	1	1	6	6	4	0	0	3.32	0.745	0.25	1.9	1.2	2	-0.4	0	2	1	0	0	0	0	0	1
15	uaI4	Beijing	Yes	North	F	24	1	1	3	1	21	3	3	14.9	0.863	0.741	2.37	3.82	1	0.432	0.453	5	14	2	0	0	0	0	0
15	kuo4	Beijing	Yes	North	F	24	1	1	3	2	27	10	0	16.51	0.864	0.757	2.7	3.21	5	0.192	0.614	4	7	4	0	0	0	0	12
15	c@N1	Beijing	Yes	North	F	24	1	1	3	3	48	7	1	18.71	0.821	0.768	3.09	4.33	4	0.238	0.37	4	6	3	0	0	0	0	35
15	iE1	Beijing	Yes	North	F	24	1	1	3	4	21	2	1	10.63	0.75	0.792	2.55	4.09	2	0.378	0.427	5	7	3	0	0	0	0	6
15	tu2	Beijing	Yes	North	F	24	1	1	3	5	40	7	11	21.47	0.855	0.776	2.82	4.83	5	0.353	0.567	8	15	3	0	0	0	0	14
15	an3	Beijing	Yes	North	F	24	1	1	3	6	46	6	1	31.88	0.902	0.755	2.26	7.91	1	0.582	0.442	11	24	8	3	0	0	0	0
16	kuo4	Taiwan	No	South	F	21	2	1	7	1	18	1	3	14.26	0.907	0.727	1.64	6.53	1	0.103	0.523	7	11	0	0	0	0	0	0
16	c@N1	Taiwan	No	South	F	21	2	1	7	2	14	0	0	10.62	0.807	0.571	1.94	4	2	0.356	0.369	6	6	1	0	0	0	0	1
16	tu2	Taiwan	No	South	F	21	2	1	7	3	21	1	2	13.5	0.854	0.708	1.66	7.09	1	0.135	0.499	6	15	0	0	0	0	0	0
16	uaI4	Taiwan	No	South	F	21	2	1	7	4	17	0	1	11.41	0.917	0.611	1.98	4.44	1	0.08	0.439	2	8	6	1	0	0	0	0
16	iE1	Taiwan	No	South	F	21	2	1	7	5	18	2	4	14.6	0.915	0.75	1.64	6.42	1	0.043	0.482	8	10	0	0	0	0	0	0
16	an3	Taiwan	No	South	F	21	2	1	7	6	23	1	0	17.15	0.87	0.625	1.81	7.75	2	0.023	0.615	7	14	1	0	0	0	0	1
17	an3	Hunan	No	South	F	24	2	2	5	1	21	1	0	15.56	0.892	0.682	1.68	6.73	1	0.38	0.528	5	11	5	0	0	0	0	0
17	tu2	Hunan	No	South	F	24	2	2	5	2	23	0	4	15.5	0.87	0.704	1.65	8	1	0.14	0.523	8	15	0	0	0	0	0	0
17	uaI4	Hunan	No	South	F	24	2	2	5	3	18	1	0	13.58	0.875	0.632	1.67	5.89	1	0.098	0.546	5	10	3	0	0	0	0	0
17	kuo4	Hunan	No	South	F	24	2	2	5	4	17	0	0	13.26	0.9	0.647	1.68	5.44	1	0.181	0.488	6	9	2	0	0	0	0	0
17	iE1	Hunan	No	South	F	24	2	2	5	5	10	0	5	8.64	0.843	0.733	1.56	4.36	1	-0.217	0.494	6	4	0	0	0	0	0	0
17	c@N1	Hunan	No	South	F	24	2	2	5	6	23	2	0	17.22	0.918	0.72	1.67	7.5	1	0.245	0.53	6	15	2	0	0	0	0	0
18	an3	Hunan	No	South	F	25	3	2	7	1	17	0	1	11.77	0.701	0.222	2.22	3.56	3	-0.123	0.511	4	6	4	0	0	0	0	3
18	uaI4	Hunan	No	South	F	25	3	2	7	2	13	2	1	10.29	0.831	0.375	1.95	3.29	1	0.038	0.417	6	4	3	0	0	0	0	0
18	kuo4	Hunan	No	South	F	25	3	2	7	3	11	1	1	8.29	0.702	0.385	2.03	2.33	3	-0.504	0.25	4	2	0	0	0	0	0	5
18	tu2	Hunan	No	South	F	25	3	2	7	4	19	1	3	9.31	0.666	0.217	2.19	4	1	0.164	0.404	3	11	3	2	0	0	0	0
18	iE1	Hunan	No	South	F	25	3	2	7	5	15	2	0	6	0.706	0.353	2.08	3.38	2	-0.232	0.571	3	1	0	0	0	0	0	11
18	c@N1	Hunan	No	South	F	25	3	2	7	6	16	0	1	9.94	0.664	0.118	2.51	1.76	6	0.076	0.324	4	4	1	0	0	0	0	7
19	kuo4	Guangdong	No	South	F	31	2	3	9	1	13	1	8	9.62	0.816	0.318	1.82	4.71	2	0.087	0.555	5	7	0	0	0	0	0	1
19	iE1	Guangdong	No	South	F	31	2	3	9	2	9	2	2	5.96	0.749	0.538	2.04	3	2	-0.087	0.43	2	4	2	0	0	0	0	1
19	tu2	Guangdong	No	South	F	31	2	3	9	3	22	1	6	11.83	0.609	0.207	2.21	3.83	4	0.384	0.551	4	8	4	3	0	0	0	3
19	uaI4	Guangdong	No	South	F	31	2	3	9	4	18	3	5	13.4	0.81	0.192	2.17	3.58	1	-0.017	0.393	6	7	4	1	0	0	0	0
19	an3	Guangdong	No	South	F	31	2	3	9	5	24	1	3	12.69	0.746	0.214	2.55	2.88	3	0.352	0.188	1	1	2	2	2	4	7	3
19	c@N1	Guangdong	No	South	F	31	2	3	9	6	22	2	5	12.58	0.732	0.172	2.54	2.43	5	0.196	0.186	4	6	4	2	1	0	0	5
20	kuo4	Shandong	Yes	North	M	19	2	2	7	1	15	5	10	11.72	0.828	0.5	2.3	3.38	1	0.096	0.395	7	5	3	0	0	0	0	0
20	an3	Shandong	Yes	North	M	19	2	2	7	2	16	1	12	8.8	0.668	0.483	2.61	2.82	2	0.167	0.312	3	4	3	1	0	0	0	5
20	c@N1	Shandong	Yes	North	M	19	2	2	7	3	18	3	3	9.13	0.728	0.5	2.99	2	5	-0.174	0.239	5	2	1	0	0	0	0	10
20	iE1	Shandong	Yes	North	M	19	2	2	7	4	12	1	10	8.74	0.709	0.435	2.41	2.46	2	-0.214	0.151	6	3	1	0	0	0	0	2
20	tu2	Shandong	Yes	North	M	19	2	2	7	5	18	1	6	11.15	0.676	0.48	2.6	2.95	3	-0.213	0.239	6	7	0	0	0	0	0	5
20	uaI4	Shandong	Yes	North	M	19	2	2	7	6	11	3	8	9.05	0.832	0.5	2.2	2.33	1	-0.085	0.333	5	6	0	0	0	0	0	0
21	c@N1	Anhui	Yes	South	F	30	2	2	8	1	15	2	3	10.04	0.802	0.4	2.47	3	1	-0.239	0.265	5	5	4	1	0	0	0	0
21	tu2	Anhui	Yes	South	F	30	2	2	8	2	19	0	0	7.65	0.754	0.579	2.83	2.8	3	0.099	0.515	2	4	2	1	1	2	0	7
21	an3	Anhui	Yes	South	F	30	2	2	8	3	14	0	5	11.28	0.893	0.632	1.59	5.73	1	-0.079	0.52	6	8	0	0	0	0	0	0
21	kuo4	Anhui	Yes	South	F	30	2	2	8	4	16	0	0	11.94	0.821	0.562	2	4	2	0.104	0.404	6	7	2	0	0	0	0	1
21	iE1	Anhui	Yes	South	F	30	2	2	8	5	14	1	0	11.3	0.876	0.6	1.87	4.27	2	-0.175	0.413	7	6	0	0	0	0	0	1
21	uaI4	Anhui	Yes	South	F	30	2	2	8	6	5	1	3	4.32	0.776	0.556	1.6	2.33	1	-0.556	0.25	3	2	0	0	0	0	0	0
22	kuo4	Beijing/Tianjin	Yes	North	M	30	2	2	7	1	9	0	0	7.3	0.924	0.333	1.51	4.4	1	-0.055	0.796	4	5	0	0	0	0	0	0
22	an3	Beijing/Tianjin	Yes	North	M	30	2	2	7	2	13	1	1	9.48	0.822	0.733	1.93	4	1	0.087	0.386	5	8	0	0	0	0	0	0
22	uaI4	Beijing/Tianjin	Yes	North	M	30	2	2	7	3	15	1	1	12.28	0.861	0.176	1.81	4	3	-0.121	0.829	7	4	0	0	0	0	0	4
22	iE1	Beijing/Tianjin	Yes	North	M	30	2	2	7	4	11	0	0	10.5	0.848	0.273	1.65	4.83	1	-0.151	0.742	10	1	0	0	0	0	0	0
22	tu2	Beijing/Tianjin	Yes	North	M	30	2	2	7	5	10	1	3	5.64	0.976	0.214	1.82	5.09	1	0.8	0.929	3	1	6	0	0	0	0	0
22	c@N1	Beijing/Tianjin	Yes	North	M	30	2	2	7	6	21	7	0	15.9	0.915	0.75	1.69	6.55	1	0.367	0.526	6	12	3	0	0	0	0	0
23	tu2	Liaoning	Yes	North	F	23	1	1	7	1	33	2	3	19.5	0.816	0.763	2.07	7.12	2	0.478	0.59	9	19	1	0	0	0	0	4
23	an3	Liaoning	Yes	North	F	23	1	1	7	2	45	4	1	34.8	0.918	0.76	1.7	13.48	1	0.578	0.662	15	30	0	0	0	0	0	0
23	iE1	Liaoning	Yes	North	F	23	1	1	7	3	3	0	4	3	0.857	1	1	3	1	0	1	3	0	0	0	0	0	0	0
23	c@N1	Liaoning	Yes	North	F	23	1	1	7	4	8	2	1	6.64	0.665	0.545	1.86	2.89	1	0.25	0.463	4	4	0	0	0	0	0	0
23	kuo4	Liaoning	Yes	North	F	23	1	1	7	5	11	0	1	8.96	0.887	0.333	1.7	3.33	1	0.027	0.719	5	4	2	0	0	0	0	0
23	uaI4	Liaoning	Yes	North	F	23	1	1	7	6	18	0	0	14.6	0.906	0.667	1.66	6.11	1	0.357	0.503	8	10	0	0	0	0	0	0
24	kuo4	Hongkong	No	South	F	21	2	2	8	1	11	2	1	8.28	0.711	0.357	1.97	2.83	2	0.213	0.325	3	5	2	0	0	0	0	1
24	c@N1	Hongkong	No	South	F	21	2	2	8	2	16	2	2	9.26	0.513	0.05	2.65	2.12	6	0.118	0.384	2	1	4	1	1	0	0	7
24	uaI4	Hongkong	No	South	F	21	2	2	8	3	15	1	1	11.69	0.736	0.118	2.05	2.88	2	0.447	0.425	5	3	4	1	1	0	0	1
24	iE1	Hongkong	No	South	F	21	2	2	8	4	14	0	1	8.44	0.777	0.4	2.28	2.93	3	-0.308	0.338	2	6	2	0	0	0	0	4
24	tu2	Hongkong	No	South	F	21	2	2	8	5	19	1	1	11.5	0.643	0.095	1.82	5.1	2	0.527	0.662	5	6	5	0	0	0	0	3
24	an3	Hongkong	No	South	F	21	2	2	8	6	15	1	1	10.92	0.82	0.294	1.69	4.62	1	0.549	0.619	3	3	9	0	0	0	0	0
25	iE1	Shandong	Yes	North	F	20	2	2	7	1	18	0	0	10.88	0.907	0.722	2.46	3.37	2	-0.231	0.56	4	3	1	4	2	0	0	4
25	kuo4	Shandong	Yes	North	F	20	2	2	7	2	12	2	0	9.73	0.88	0.714	1.96	3.69	1	-0.195	0.338	6	4	2	0	0	0	0	0
25	an3	Shandong	Yes	North	F	20	2	2	7	3	14	0	0	7.16	0.701	0.429	2.93	2.53	2	-0.168	0.333	4	3	1	0	0	0	0	6
25	c@N1	Shandong	Yes	North	F	20	2	2	7	4	11	0	0	7.47	0.772	0.545	2.35	2.67	2	-0.321	0.247	4	4	1	0	0	0	0	2
25	tu2	Shandong	Yes	North	F	20	2	2	7	5	13	0	0	9.48	0.858	0.692	1.93	3.86	2	0.202	0.364	5	7	0	0	0	0	0	1
25	uaI4	Shandong	Yes	North	F	20	2	2	7	6	12	0	0	6.96	0.79	0.5	2.47	2.46	2	-0.327	0.218	3	3	2	1	0	0	0	3
26	c@N1	Shaanxi	Yes	North	F	19	2	2	7	1	13	0	2	5.96	0.575	0.133	2.55	1.43	6	-0.244	0.333	2	2	0	0	0	0	0	9
26	kuo4	Shaanxi	Yes	North	F	19	2	2	7	2	10	1	1	8.3	0.802	0.083	1.67	3.27	3	-0.236	0.515	5	1	0	0	0	0	0	4
26	tu2	Shaanxi	Yes	North	F	19	2	2	7	3	12	0	1	7.49	0.55	0	2.05	2.31	2	-0.189	0.244	3	4	3	0	0	0	0	2
26	an3	Shaanxi	Yes	North	F	19	2	2	7	4	14	0	0	8.14	0.63	0.143	2.58	1.73	6	-0.274	0.344	2	2	2	0	0	0	0	8
26	uaI4	Shaanxi	Yes	North	F	19	2	2	7	5	9	0	1	7.66	0.666	0	2.18	2.2	3	-0.293	0.52	5	2	0	0	0	0	0	2
26	iE1	Shaanxi	Yes	North	F	19	2	2	7	6	14	0	2	8.94	0.641	0.062	2.08	2.67	3	0.061	0.436	3	5	2	1	0	0	0	3
27	c@N1	Hunan	No	South	F	29	2	1	5	1	15	6	1	8.95	0.802	0.636	2.46	2.88	2	-0.09	0.325	4	5	2	0	0	0	0	4
27	an3	Hunan	No	South	F	29	2	1	5	2	14	5	8	10	0.852	0.778	1.87	4.67	1	0.195	0.387	6	8	0	0	0	0	0	0
27	uaI4	Hunan	No	South	F	29	2	1	5	3	22	2	1	15.57	0.892	0.76	2.34	4.35	1	0.234	0.391	6	12	4	0	0	0	0	0
27	kuo4	Hunan	No	South	F	29	2	1	5	4	23	5	0	12.88	0.895	0.75	2.56	4.67	2	-0.204	0.456	6	5	0	0	0	0	0	12
27	iE1	Hunan	No	South	F	29	2	1	5	5	26	1	1	17.61	0.862	0.75	2.33	4.89	1	0.241	0.381	8	15	3	0	0	0	0	0
27	tu2	Hunan	No	South	F	29	2	1	5	6	20	0	1	9.9	0.865	0.714	2.57	3.9	2	0.237	0.357	4	7	4	1	0	0	0	4
28	iE1	Shandong	Yes	North	M	26	1	1	7	1	11	0	0	3.66	0.68	0.182	2.76	1.33	5	-0.167	0.25	2	1	0	0	0	0	0	8
28	an3	Shandong	Yes	North	M	26	1	1	7	2	11	0	0	6.77	0.771	0.091	1.95	3	5	0.111	0.444	0	0	0	0	0	0	0	11
28	uaI4	Shandong	Yes	North	M	26	1	1	7	3	15	0	0	12.63	0.819	0.267	1.97	4.12	1	0.169	0.516	9	5	1	0	0	0	0	0
28	kuo4	Shandong	Yes	North	M	26	1	1	7	4	10	0	1	8.14	0.71	0.091	2.24	2.36	4	0.081	0.382	5	2	0	0	0	0	0	3
28	c@N1	Shandong	Yes	North	M	26	1	1	7	5	11	0	1	8.64	0.552	0	2.42	2	6	-0.367	0.367	6	0	0	0	0	0	0	5
28	tu2	Shandong	Yes	North	M	26	1	1	7	6	12	0	0	6.49	0.568	0	2.49	1.69	6	-0.268	0.231	2	0	0	0	0	0	0	10
29	iE1	Hunan	No	South	F	25	3	3	6	1	15	0	6	10.13	0.633	0	2.47	2.5	2	-0.079	0.117	4	7	2	1	0	0	0	1
29	uaI4	Hunan	No	South	F	25	3	3	6	2	6	0	3	4.65	0.664	0.333	2.14	2	2	-0.343	0.524	3	2	0	0	0	0	0	1
29	kuo4	Hunan	No	South	F	25	3	3	6	3	14	1	1	9.2	0.685	0.312	2.53	1.87	4	-0.046	0.133	3	4	3	0	0	0	0	4
29	tu2	Hunan	No	South	F	25	3	3	6	4	14	0	2	6.14	0.592	0.25	3.19	0.67	10	-0.2	0	1	1	0	0	0	0	0	12
29	an3	Hunan	No	South	F	25	3	3	6	5	13	0	1	8.46	0.713	0.429	2.2	2.57	2	0.097	0.236	3	4	4	1	0	0	0	1
29	c@N1	Hunan	No	South	F	25	3	3	6	6	11	0	4	7.63	0.753	0.467	2.12	2.67	2	-0.429	0.356	4	3	3	0	0	0	0	1
30	uaI4	Heilongjiang/Guangdong	Other	Other	F	24	2	2	7	1	17	0	2	11.61	0.842	0.368	2.12	3.56	1	0.078	0.426	6	6	3	2	0	0	0	0
30	tu2	Heilongjiang/Guangdong	Other	Other	F	24	2	2	7	2	13	0	4	5.99	0.745	0.412	2.21	2.57	2	-0.098	0.217	2	4	3	1	0	0	0	3
30	an3	Heilongjiang/Guangdong	Other	Other	F	24	2	2	7	3	16	1	0	7.95	0.782	0.529	2.64	1.88	3	-0.444	0.235	3	2	1	2	1	2	0	5
30	kuo4	Heilongjiang/Guangdong	Other	Other	F	24	2	2	7	4	9	1	0	7.64	0.798	0.5	1.64	3.2	1	0	0.44	5	3	1	0	0	0	0	0
30	iE1	Heilongjiang/Guangdong	Other	Other	F	24	2	2	7	5	21	0	0	5.81	0.65	0.238	2.58	2.45	4	-0.05	0.379	1	3	1	1	0	0	0	15
30	c@N1	Heilongjiang/Guangdong	Other	Other	F	24	2	2	7	6	21	1	0	15.58	0.861	0.5	1.84	5.73	2	0.468	0.493	7	12	0	0	0	0	0	2
31	an3	Hubei	Yes	South	F	26	1	1	6	1	14	0	0	9.28	0.713	0	2.13	2.4	4	0.099	0.462	2	1	4	0	0	0	0	7
31	iE1	Hubei	Yes	South	F	26	1	1	6	2	6	0	1	6	1	0	1	6	1	0	1	6	0	0	0	0	0	0	0
31	kuo4	Hubei	Yes	South	F	26	1	1	6	3	8	1	0	6.3	0.849	0.222	1.72	2.22	3	-0.309	0.722	3	1	0	0	0	0	0	4
31	c@N1	Hubei	Yes	South	F	26	1	1	6	4	8	0	0	6.98	0.872	0.125	1.64	2.89	2	0.279	0.511	5	1	0	0	0	0	0	2
31	uaI4	Hubei	Yes	South	F	26	1	1	6	5	10	1	1	7.96	0.711	0	1.84	2.55	3	-0.253	0.682	4	0	0	0	0	0	0	6
31	tu2	Hubei	Yes	South	F	26	1	1	6	6	10	0	0	6	0.8	0.1	1.71	2.91	2	-0.153	0.794	2	4	0	0	0	0	0	4
32	uaI4	Hubei	Yes	South	F	38	1	1	7	1	12	0	2	9.97	0.856	0.214	2.05	4.15	2	0.594	0.674	7	3	1	0	0	0	0	1
32	tu2	Hubei	Yes	South	F	38	1	1	7	2	20	1	2	12.16	0.695	0.348	2.13	4.48	3	0.003	0.47	5	13	0	0	0	0	0	2
32	kuo4	Hubei	Yes	South	F	38	1	1	7	3	18	3	0	14.94	0.903	0.667	1.85	5.37	1	0.044	0.507	9	9	0	0	0	0	0	0
32	c@N1	Hubei	Yes	South	F	38	1	1	7	4	15	0	2	10.26	0.901	0.529	1.82	4.5	1	-0.036	0.426	3	7	5	0	0	0	0	0
32	iE1	Hubei	Yes	South	F	38	1	1	7	5	17	1	0	6.5	0.833	0.667	2.17	3.44	2	0.058	0.415	4	2	0	0	0	0	0	11
32	an3	Hubei	Yes	South	F	38	1	1	7	6	22	0	1	16.56	0.926	0.565	1.65	7.74	1	0.528	0.603	6	15	1	0	0	0	0	0
33	an3	Shandong	Yes	North	M	25	1	1	7	1	10	0	0	7.48	0.616	0	2.4	2.36	4	-0.244	0.418	4	1	0	0	0	0	0	5
33	c@N1	Shandong	Yes	North	M	25	1	1	7	2	12	0	0	10.3	0.887	0	1.62	5.23	3	0	0.923	7	0	0	0	0	0	0	5
33	tu2	Shandong	Yes	North	M	25	1	1	7	3	9	1	0	7	0.57	0.1	1.78	2.8	1	-0.221	0.303	5	4	0	0	0	0	0	0
33	uaI4	Shandong	Yes	North	M	25	1	1	7	4	7	1	0	5.98	0.799	0.25	1.93	2.25	1	-0.43	0.083	4	3	0	0	0	0	0	0
33	iE1	Shandong	Yes	North	M	25	1	1	7	5	10	0	0	8.82	0.781	0.3	1.85	2.91	1	-0.415	0.462	7	3	0	0	0	0	0	0
33	kuo4	Shandong	Yes	North	M	25	1	1	7	6	9	1	0	8.32	0.831	0.3	1.78	3.2	1	-0.283	0.527	7	2	0	0	0	0	0	0
34	uaI4	Zhejiang	No	South	F	23	1	1	8	1	15	2	0	6.28	0.784	0.706	2.87	2.5	4	-0.175	0.812	1	3	1	0	0	0	0	10
34	tu2	Zhejiang	No	South	F	23	1	1	8	2	16	0	0	8.98	0.806	0.688	2.54	3.06	4	0.145	0.435	4	3	3	0	0	0	0	6
34	kuo4	Zhejiang	No	South	F	23	1	1	8	3	17	2	1	10.7	0.787	0.65	2.48	2.89	2	0.328	0.472	4	5	4	1	0	0	0	3
34	c@N1	Zhejiang	No	South	F	23	1	1	8	4	12	1	0	3.96	0.845	0.692	2.15	3.38	3	0.189	0.338	0	0	0	0	0	0	0	12
34	iE1	Zhejiang	No	South	F	23	1	1	8	5	15	3	2	8.47	0.842	0.75	2.44	3.12	4	0	0.688	4	3	0	0	0	0	0	8
34	an3	Zhejiang	No	South	F	23	1	1	8	6	16	0	0	10.29	0.89	0.75	2.29	3.88	2	-0.138	0.453	5	4	0	0	0	0	0	7
35	uaI4	Guizhou	Yes	South	F	20	1	1	7	1	12	0	1	9.63	0.766	0.538	2.14	2.15	2	-0.075	0.164	6	4	1	0	0	0	0	1
35	kuo4	Guizhou	Yes	South	F	20	1	1	7	2	8	0	3	5.82	0.825	0.455	2.39	1.56	3	-0.356	0	3	2	1	0	0	0	0	2
35	tu2	Guizhou	Yes	South	F	20	1	1	7	3	13	0	0	7.15	0.858	0.538	1.98	3	2	0.033	0.279	1	2	3	4	0	0	0	3
35	c@N1	Guizhou	Yes	South	F	20	1	1	7	4	10	0	0	7.62	0.815	0.4	1.84	3.27	2	-0.179	0.382	3	6	0	0	0	0	0	1
35	iE1	Guizhou	Yes	South	F	20	1	1	7	5	5	0	0	2.66	0.498	0.2	2.67	1	3	-0.333	0	2	1	0	0	0	0	0	2
35	an3	Guizhou	Yes	South	F	20	1	1	7	6	5	1	0	3.64	0.69	0	1.6	2	1	-0.091	0.389	1	1	1	2	0	0	0	0
36	kuo4	Liaoning	Yes	North	F	23	2	2	7	1	5	0	2	5	0.903	0.571	1.53	2.33	1	-0.625	0.7	5	0	0	0	0	0	0	0
36	tu2	Liaoning	Yes	North	F	23	2	2	7	2	10	0	0	8	0.85	0.2	1.64	3.64	1	0.078	0.745	6	4	0	0	0	0	0	0
36	iE1	Liaoning	Yes	North	F	23	2	2	7	3	5	0	0	4.32	0.796	0.4	1.53	2.33	1	-0.4	0.611	3	2	0	0	0	0	0	0
36	uaI4	Liaoning	Yes	North	F	23	2	2	7	4	11	0	0	10.66	0.847	0.091	1.42	7.83	1	0.566	0.817	10	1	0	0	0	0	0	0
36	c@N1	Liaoning	Yes	North	F	23	2	2	7	5	6	0	2	5.66	0.705	0.25	1.43	3.43	1	0.359	0.657	5	1	0	0	0	0	0	0
36	an3	Liaoning	Yes	North	F	23	2	2	7	6	10	1	0	7.48	0.772	0.273	1.89	2.73	1	-0.37	0.361	4	6	0	0	0	0	0	0
37	iE1	Yunnan/Jiangsu	Yes	South	F	27	2	2	6	1	19	1	2	8.32	0.878	0.682	2.49	3.7	2	0.062	0.425	5	5	5	1	0	0	0	3
37	uaI4	Yunnan/Jiangsu	Yes	South	F	27	2	2	6	2	14	3	0	10.94	0.941	0.765	2.1	3.47	1	0.251	0.393	5	8	1	0	0	0	0	0
37	kuo4	Yunnan/Jiangsu	Yes	South	F	27	2	2	6	3	6	4	0	5.32	0.866	0.8	1.43	3.43	1	0	0.5	4	2	0	0	0	0	0	0
37	an3	Yunnan/Jiangsu	Yes	South	F	27	2	2	6	4	14	1	0	10.63	0.921	0.733	1.9	4.4	1	0.17	0.304	6	7	1	0	0	0	0	0
37	tu2	Yunnan/Jiangsu	Yes	South	F	27	2	2	6	5	11	0	0	7	0.773	0.545	2.33	2.67	2	-0.185	0.606	3	5	0	0	0	0	0	3
37	c@N1	Yunnan/Jiangsu	Yes	South	F	27	2	2	6	6	8	3	0	3.97	0.846	0.545	2.19	2	2	0.047	0.185	1	2	3	1	0	0	0	1
38	c@N1	Heilongjiang	Yes	North	F	20	2	2	6	1	14	0	0	10.62	0.759	0.286	1.97	3.87	2	0.282	0.393	6	6	1	0	0	0	0	1
38	tu2	Heilongjiang	Yes	North	F	20	2	2	6	2	19	0	1	12.83	0.858	0.6	2	5.2	2	-0.045	0.407	7	11	0	0	0	0	0	1
38	uaI4	Heilongjiang	Yes	North	F	20	2	2	6	3	12	0	1	8.95	0.78	0.538	2.17	2.46	2	0.044	0.156	4	6	1	0	0	0	0	1
38	iE1	Heilongjiang	Yes	North	F	20	2	2	6	4	21	0	1	10.15	0.735	0.636	2.5	3.27	4	-0.13	0.409	4	5	3	0	0	0	0	9
38	an3	Heilongjiang	Yes	North	F	20	2	2	6	5	23	0	4	14.6	0.82	0.704	2.37	4.33	2	0.051	0.464	5	11	3	0	0	0	0	4
38	kuo4	Heilongjiang	Yes	North	F	20	2	2	6	6	13	0	0	7.63	0.82	0.692	2.47	3.86	2	-0.212	0.7	4	5	0	0	0	0	0	4
39	uaI4	Fujian	No	South	F	22	1	1	6	1	13	0	1	10.28	0.903	0.643	1.63	4.86	1	0.049	0.552	5	8	0	0	0	0	0	0
39	c@N1	Fujian	No	South	F	22	1	1	6	2	16	0	0	12.27	0.873	0.625	1.78	5.06	2	0.201	0.437	6	9	0	0	0	0	0	1
39	tu2	Fujian	No	South	F	22	1	1	6	3	13	0	0	8.5	0.885	0.692	1.59	5.29	1	-0.118	0.514	4	9	0	0	0	0	0	0
39	iE1	Fujian	No	South	F	22	1	1	6	4	10	0	0	3	0.85	0.8	1.98	3.45	2	0	0.636	2	0	0	0	0	0	0	8
39	an3	Fujian	No	South	F	22	1	1	6	5	17	0	0	7.27	0.871	0.647	1.78	5	2	0.283	0.418	0	0	0	0	0	0	0	17
39	kuo4	Fujian	No	South	F	22	1	1	6	6	7	0	1	5.64	0.958	0.625	1.5	3.5	1	-0.289	0.675	3	4	0	0	0	0	0	0
40	c@N1	Qinghai	No	North	F	26	1	1	8	1	14	2	2	6.54	0.791	0.556	2.61	2.67	2	-0.242	0.331	2	3	6	0	0	0	0	3
40	iE1	Qinghai	No	North	F	26	1	1	8	2	23	0	2	11.03	0.856	0.64	2.54	3.75	1	0.131	0.343	2	3	6	4	5	3	0	0
40	tu2	Qinghai	No	North	F	26	1	1	8	3	19	0	1	9.95	0.882	0.65	2.59	3.2	2	0.081	0.405	4	6	3	1	0	0	0	5
40	kuo4	Qinghai	No	North	F	26	1	1	8	4	17	2	2	10.61	0.792	0.524	2.6	3	3	0.02	0.431	5	6	2	0	0	0	0	4
40	uaI4	Qinghai	No	North	F	26	1	1	8	5	21	0	3	9.59	0.672	0.375	2.65	2.55	4	-0.038	0.383	2	6	7	1	0	0	0	5
40	an3	Qinghai	No	North	F	26	1	1	8	6	22	0	1	16.01	0.767	0.522	2.07	5.91	2	0.52	0.562	8	10	1	2	0	0	0	1
41	tu2	Shaanxi	Yes	North	F	22	2	2	6	1	22	2	12	14.97	0.888	0.778	1.94	5.83	1	0.258	0.353	7	14	1	0	0	0	0	0
41	uaI4	Shaanxi	Yes	North	F	22	2	2	6	2	16	1	0	13.28	0.9	0.647	1.9	4.59	1	0.286	0.469	8	8	0	0	0	0	0	0
41	kuo4	Shaanxi	Yes	North	F	22	2	2	6	3	14	2	1	9.94	0.762	0.471	2.05	3.33	3	0.146	0.402	4	6	2	0	0	0	0	2
41	iE1	Shaanxi	Yes	North	F	22	2	2	6	4	15	0	1	11.81	0.738	0.375	2.27	2.88	2	-0.176	0.238	8	5	1	0	0	0	0	1
41	c@N1	Shaanxi	Yes	North	F	22	2	2	6	5	17	0	6	12.93	0.823	0.348	1.95	4.33	1	0.264	0.375	6	9	2	0	0	0	0	0
41	an3	Shaanxi	Yes	North	F	22	2	2	6	6	14	0	0	10.15	0.773	0.357	2.32	3.47	2	0.114	0.454	7	3	1	0	0	0	0	3
42	an3	Hunan	No	South	F	22	2	1	7	1	9	0	1	5.46	0.73	0.1	2	2.6	2	-0.444	0.517	1	3	0	0	0	0	0	5
42	tu2	Hunan	No	South	F	22	2	1	7	2	5	0	0	4.5	0.8	0	1.33	3.33	2	0	0.833	4	0	0	0	0	0	0	1
42	iE1	Hunan	No	South	F	22	2	1	7	3	8	0	0	6.31	0.704	0.25	1.94	1.78	3	-0.267	0.407	4	1	0	0	0	0	0	3
42	uaI4	Hunan	No	South	F	22	2	1	7	4	7	0	1	7	1	0	1	7	1	0	1	7	0	0	0	0	0	0	0
42	kuo4	Hunan	No	South	F	22	2	1	7	5	8	0	1	8	0.962	0.222	1.33	5.33	1	0	0.952	8	0	0	0	0	0	0	0
42	c@N1	Hunan	No	South	F	22	2	1	7	6	8	0	0	7.32	0.874	0	1.42	4.89	2	-0.281	0.746	6	1	0	0	0	0	0	1
43	kuo4	Yunnan	Yes	South	F	26	3	2	8	1	8	0	0	6.64	0.915	0	1.61	3.11	1	0.401	0.467	4	2	2	0	0	0	0	0
43	c@N1	Yunnan	Yes	South	F	26	3	2	8	2	9	0	0	4.96	0.627	0.111	2.51	1.6	5	-0.278	0.35	1	3	0	0	0	0	0	5
43	iE1	Yunnan	Yes	South	F	26	3	2	8	3	10	0	0	3.16	0.433	0	2.42	0.91	6	-0.364	0	1	2	0	0	0	0	0	7
43	uaI4	Yunnan	Yes	South	F	26	3	2	8	4	8	0	0	8	0.969	0	1.33	5.33	1	0	0.952	8	0	0	0	0	0	0	0
43	tu2	Yunnan	Yes	South	F	26	3	2	8	5	10	0	0	4.25	0.7	0	2.16	2.91	5	0	0.545	0	0	0	0	0	0	0	10
43	an3	Yunnan	Yes	South	F	26	3	2	8	6	6	0	1	5.5	0.964	0	1.38	3.71	1	-0.219	0.924	4	2	0	0	0	0	0	0
45	tu2	Shandong	Yes	North	M	28	2	2	5	1	13	1	1	7.5	0.633	0	2.84	2	6	0.063	0.3	5	2	0	0	0	0	0	6
45	an3	Shandong	Yes	North	M	28	2	2	5	2	13	0	0	11.16	0.832	0	1.82	6.57	4	0	0.714	9	0	0	0	0	0	0	4
45	c@N1	Shandong	Yes	North	M	28	2	2	5	3	14	1	2	12.31	0.92	0	1.88	6.8	1	0.857	0.653	10	3	1	0	0	0	0	0
45	uaI4	Shandong	Yes	North	M	28	2	2	5	4	15	1	1	12.96	0.781	0.059	1.88	5.12	4	-0.156	0.722	9	1	0	0	0	0	0	5
45	iE1	Shandong	Yes	North	M	28	2	2	5	5	8	1	0	4.66	0.573	0.111	2.39	1.56	4	-0.278	0.481	4	0	0	0	0	0	0	4
45	kuo4	Shandong	Yes	North	M	28	2	2	5	6	15	1	0	12.07	0.827	0.188	2.27	4.88	2	0.379	0.58	10	2	1	1	0	0	0	1
46	tu2	Hunan	No	South	F	30	2	2	5	1	9	1	1	6	0.818	0.727	2	3.4	2	-0.169	0.397	4	4	0	0	0	0	0	1
46	kuo4	Hunan	No	South	F	30	2	2	5	2	8	0	1	6.64	0.812	0.333	1.97	2.44	2	-0.077	0.278	4	2	0	0	0	0	0	2
46	uaI4	Hunan	No	South	F	30	2	2	5	3	8	0	0	6.64	0.872	0.625	1.61	3.11	1	0.028	0.285	4	4	0	0	0	0	0	0
46	iE1	Hunan	No	South	F	30	2	2	5	4	7	1	0	5.16	0.708	0.375	2.21	1.75	3	-0.208	0.208	3	1	0	0	0	0	0	3
46	an3	Hunan	No	South	F	30	2	2	5	5	12	1	0	3.88	0.838	0.385	1.86	4.15	2	-0.168	0.625	0	0	0	0	0	0	0	12
46	c@N1	Hunan	No	South	F	30	2	2	5	6	10	0	0	5.62	0.899	0.6	2	2.91	1	0.111	0.364	1	2	1	2	4	0	0	0
47	tu2	Shanghai	No	South	F	21	2	1	6	1	21	2	1	13.5	0.854	0.708	1.65	7.27	1	0.109	0.505	6	15	0	0	0	0	0	0
47	kuo4	Shanghai	No	South	F	21	2	1	6	2	21	3	0	16.58	0.915	0.75	1.65	7.27	1	-0.128	0.497	8	13	0	0	0	0	0	0
47	uaI4	Shanghai	No	South	F	21	2	1	6	3	20	2	1	15.58	0.911	0.739	1.67	6.67	1	0.355	0.5	7	12	1	0	0	0	0	0
47	an3	Shanghai	No	South	F	21	2	1	6	4	18	1	4	13.92	0.911	0.739	1.62	6.84	1	-0.017	0.58	6	12	0	0	0	0	0	0
47	c@N1	Shanghai	No	South	F	21	2	1	6	5	15	1	0	12.28	0.894	0.688	1.64	5.38	1	0.195	0.49	7	8	0	0	0	0	0	0
47	iE1	Shanghai	No	South	F	21	2	1	6	6	14	3	2	3	0.789	0.684	1.89	4	2	-0.025	0.387	1	0	0	0	0	0	0	13
48	iE1	Shaanxi	Yes	North	M	20	3	2	7	1	17	0	0	11.52	0.891	0.706	2.48	3.44	3	-0.003	0.513	5	7	0	0	0	0	0	5
48	tu2	Shaanxi	Yes	North	M	20	3	2	7	2	14	1	2	8.5	0.882	0.706	1.64	5.07	1	0.316	0.413	3	8	3	0	0	0	0	0
48	an3	Shaanxi	Yes	North	M	20	3	2	7	3	23	0	1	17.67	0.916	0.625	1.86	6.58	1	0.496	0.535	8	12	3	0	0	0	0	0
48	uaI4	Shaanxi	Yes	North	M	20	3	2	7	4	17	0	1	13.26	0.906	0.611	1.71	5	1	0.547	0.522	6	9	2	0	0	0	0	0
48	c@N1	Shaanxi	Yes	North	M	20	3	2	7	5	17	1	1	10.94	0.858	0.579	2.33	3.44	1	-0.131	0.211	5	6	6	0	0	0	0	0
48	kuo4	Shaanxi	Yes	North	M	20	3	2	7	6	13	0	1	12.66	0.927	0.071	1.26	9.57	2	-0.166	0.845	12	0	0	0	0	0	0	1
49	iE1	Anhui	Yes	South	M	19	2	2	4	1	18	1	4	13.16	0.819	0.391	1.98	4.63	1	-0.044	0.276	8	10	0	0	0	0	0	0
49	uaI4	Anhui	Yes	South	M	19	2	2	4	2	15	3	2	9.6	0.856	0.3	2.07	3.62	1	-0.236	0.492	3	9	2	1	0	0	0	0
49	an3	Anhui	Yes	South	M	19	2	2	4	3	15	0	3	12.98	0.837	0.222	2.01	4.25	2	0.096	0.507	10	3	0	0	0	0	0	2
49	kuo4	Anhui	Yes	South	M	19	2	2	4	4	7	1	3	6.66	0.909	0.273	1.36	4.5	1	0.167	0.667	6	1	0	0	0	0	0	0
49	tu2	Anhui	Yes	South	M	19	2	2	4	5	27	1	1	19.66	0.862	0.621	1.89	7.14	1	0.051	0.494	12	15	0	0	0	0	0	0
49	c@N1	Anhui	Yes	South	M	19	2	2	4	6	17	1	1	10.02	0.805	0.105	2.48	3.22	2	-0.246	0.531	3	6	2	4	0	0	0	2
50	an3	Liaoning	Yes	North	F	24	2	2	6	1	14	0	0	9	0.821	0.714	1.72	4.93	1	-0.048	0.356	5	8	1	0	0	0	0	0
50	c@N1	Liaoning	Yes	North	F	24	2	2	6	2	15	1	3	9.61	0.911	0.737	2.23	3.88	1	-0.067	0.39	4	6	5	0	0	0	0	0
50	tu2	Liaoning	Yes	North	F	24	2	2	6	3	13	0	4	8.98	0.892	0.765	2.22	3.14	3	0	0.714	4	3	0	0	0	0	0	6
50	uaI4	Liaoning	Yes	North	F	24	2	2	6	4	8	0	0	6.64	0.915	0.75	1.5	4	1	0	0.333	4	4	0	0	0	0	0	0
50	kuo4	Liaoning	Yes	North	F	24	2	2	6	5	10	0	2	6.63	0.776	0.583	2.18	2.18	2	-0.082	0.303	3	2	1	2	0	0	0	2
50	iE1	Liaoning	Yes	North	F	24	2	2	6	6	20	0	0	12.47	0.775	0.75	2.39	4.48	1	0.456	0.387	6	9	5	0	0	0	0	0
51	c@N1	Zhejiang	No	South	F	24	2	1	7	1	24	4	4	11.59	0.874	0.719	2.61	4	1	0.14	0.336	4	5	9	4	2	0	0	0
51	tu2	Zhejiang	No	South	F	24	2	1	7	2	14	0	0	9.15	0.821	0.786	2.29	4.13	2	0	0.56	5	5	0	0	0	0	0	4
51	uaI4	Zhejiang	No	South	F	24	2	1	7	3	12	1	1	9.71	0.916	0.786	1.81	4.15	1	0.413	0.328	5	7	0	0	0	0	0	0
51	an3	Zhejiang	No	South	F	24	2	1	7	4	12	1	0	8.64	0.782	0.615	2	3.23	1	0.025	0.254	4	7	1	0	0	0	0	0
51	iE1	Zhejiang	No	South	F	24	2	1	7	5	14	1	0	8.64	0.811	0.733	2.32	3.47	2	-0.096	0.509	5	5	0	0	0	0	0	4
51	kuo4	Zhejiang	No	South	F	24	2	1	7	6	10	2	1	8.64	0.922	0.769	1.56	4.36	1	-0.281	0.485	6	4	0	0	0	0	0	0
52	kuo4	Shandong	Yes	North	F	24	2	1	8	1	6	0	0	5.33	0.693	0	2	2.29	2	-0.607	0.471	5	0	0	0	0	0	0	1
52	uaI4	Shandong	Yes	North	F	24	2	1	8	2	13	0	0	10.98	0.819	0.154	2.15	5.71	3	-0.173	0.841	9	0	0	0	0	0	0	4
52	c@N1	Shandong	Yes	North	F	24	2	1	8	3	15	0	0	12.62	0.887	0.4	1.62	5.75	1	0.403	0.673	8	6	1	0	0	0	0	0
52	tu2	Shandong	Yes	North	F	24	2	1	8	4	19	0	0	10	0.605	0.105	2.07	3.8	2	0.282	0.788	5	0	0	0	0	0	0	14
52	an3	Shandong	Yes	North	F	24	2	1	8	5	14	0	0	10.27	0.734	0.071	1.9	2.93	3	0.2	0.689	4	2	2	0	0	0	0	6
52	iE1	Shandong	Yes	North	F	24	2	1	8	6	5	0	0	4.66	0.864	0	1.33	3.33	2	0	0.833	4	0	0	0	0	0	0	1
53	kuo4	Fujian	No	South	F	28	2	2	6	1	18	0	0	14.03	0.837	0.444	2.41	3.58	3	0.174	0.349	6	7	1	1	1	0	0	2
53	iE1	Fujian	No	South	F	28	2	2	6	2	22	0	0	17.51	0.878	0.5	2.03	5.57	1	0.298	0.38	8	14	0	0	0	0	0	0
53	uaI4	Fujian	No	South	F	28	2	2	6	3	18	1	0	14.44	0.889	0.632	2.15	4.21	1	0.013	0.541	7	11	0	0	0	0	0	0
53	an3	Fujian	No	South	F	28	2	2	6	4	16	1	3	13.31	0.832	0.45	1.88	5.76	2	0.058	0.658	11	2	0	0	0	0	0	3
53	tu2	Fujian	No	South	F	28	2	2	6	5	15	2	0	15	0.971	0.118	1.22	11.75	1	0.282	0.985	15	0	0	0	0	0	0	0
53	c@N1	Fujian	No	South	F	28	2	2	6	6	11	1	1	8.96	0.895	0.231	1.77	4	2	-0.09	0.955	5	3	0	0	0	0	0	3
54	tu2	Guangdong	No	South	F	23	2	2	8	1	7	0	1	7	0.812	0.375	1.36	4.5	1	-0.096	0.94	7	0	0	0	0	0	0	0
54	c@N1	Guangdong	No	South	F	23	2	2	8	2	6	0	0	4.98	0.773	0.167	1.71	1.71	3	-0.238	0.238	3	1	0	0	0	0	0	2
54	uaI4	Guangdong	No	South	F	23	2	2	8	3	10	0	0	10	0.932	0.2	1.42	5.82	1	-0.205	0.863	10	0	0	0	0	0	0	0
54	kuo4	Guangdong	No	South	F	23	2	2	8	4	7	0	0	6.32	0.757	0	1.64	3	2	-0.336	0.575	5	0	0	0	0	0	0	2
54	iE1	Guangdong	No	South	F	23	2	2	8	5	11	0	1	9.64	0.887	0.583	1.62	4.17	1	-0.018	0.563	7	4	0	0	0	0	0	0
54	an3	Guangdong	No	South	F	23	2	2	8	6	13	0	0	13	1	0	1	13	1	0	1	13	0	0	0	0	0	0	0
55	c@N1	Guangdong	No	South	F	23	2	2	7	1	12	1	0	10.98	0.843	0.231	1.65	4.62	1	0.194	0.65	9	3	0	0	0	0	0	0
55	tu2	Guangdong	No	South	F	23	2	2	7	2	10	1	0	5.16	0.893	0.182	1.75	3.64	2	-0.292	0.672	2	6	0	0	0	0	0	2
55	kuo4	Guangdong	No	South	F	23	2	2	7	3	11	0	0	8.62	0.846	0.091	1.82	4.33	2	-0.336	0.764	4	0	0	0	0	0	0	7
55	an3	Guangdong	No	South	F	23	2	2	7	4	13	0	0	12.66	0.974	0.231	1.34	8.57	1	0.325	0.846	12	1	0	0	0	0	0	0
55	iE1	Guangdong	No	South	F	23	2	2	7	5	6	0	0	6	0.83	0.167	1.43	3.43	1	-0.63	0.629	6	0	0	0	0	0	0	0
55	uaI4	Guangdong	No	South	F	23	2	2	7	6	14	0	1	12.99	0.91	0.2	1.53	8	2	0.303	0.79	12	1	0	0	0	0	0	1
56	an3	Jiangxi	No	South	F	35	2	2	6	1	9	0	2	7.14	0.777	0.182	1.6	4.2	1	-0.225	0.52	4	4	1	0	0	0	0	0
56	iE1	Jiangxi	No	South	F	35	2	2	6	2	9	0	0	8.16	0.887	0.222	1.89	3	1	-0.373	0.529	7	2	0	0	0	0	0	0
56	c@N1	Jiangxi	No	South	F	35	2	2	6	3	7	0	1	4.96	0.708	0.375	1.86	2.5	2	-0.087	0.312	1	3	2	0	0	0	0	1
56	uaI4	Jiangxi	No	South	F	35	2	2	6	4	10	0	0	9.32	0.764	0.1	1.69	4.55	1	-0.014	0.568	8	2	0	0	0	0	0	0
56	kuo4	Jiangxi	No	South	F	35	2	2	6	5	10	0	0	7.3	0.848	0.3	1.93	2.73	1	-0.063	0.327	4	4	1	1	0	0	0	0
56	tu2	Jiangxi	No	South	F	35	2	2	6	6	16	0	0	9.16	0.864	0.125	1.81	4.47	3	0.013	0.571	2	6	5	0	0	0	0	3
57	an3	Zhejiang	No	South	F	24	2	2	1	1	10	0	1	6.49	0.802	0.636	1.95	3.45	2	0.067	0.327	4	4	1	0	0	0	0	1
57	c@N1	Zhejiang	No	South	F	24	2	2	1	2	11	3	0	6.96	0.855	0.643	2.14	2.83	2	-0.167	0.444	3	2	0	0	0	0	0	6
57	iE1	Zhejiang	No	South	F	24	2	2	1	3	19	0	2	15.26	0.919	0.667	1.67	6.3	1	0.216	0.497	8	11	0	0	0	0	0	0
57	uaI4	Zhejiang	No	South	F	24	2	2	1	4	26	2	0	20.22	0.915	0.714	1.68	8.22	1	0.498	0.567	9	17	0	0	0	0	0	0
57	kuo4	Zhejiang	No	South	F	24	2	2	1	5	20	0	0	15.92	0.898	0.65	1.67	6.67	1	0.192	0.494	8	12	0	0	0	0	0	0
57	tu2	Zhejiang	No	South	F	24	2	2	1	6	22	0	1	13.14	0.927	0.739	2.1	5.13	2	-0.085	0.462	6	9	0	0	0	0	0	7
58	iE1	Guangdong	No	South	F	23	3	3	7	1	6	1	2	4.24	0.787	0.222	2.29	1.71	2	-0.078	0	2	2	1	0	0	0	0	1
58	uaI4	Guangdong	No	South	F	23	3	3	7	2	4	0	1	3.66	0.596	0	1.7	2	1	-0.111	0.467	3	1	0	0	0	0	0	0
58	c@N1	Guangdong	No	South	F	23	3	3	7	3	7	1	0	5.65	0.705	0.25	1.86	2.25	3	-0.06	0.375	4	1	0	0	0	0	0	2
58	kuo4	Guangdong	No	South	F	23	3	3	7	4	7	0	0	7	0.903	0	1.21	5.5	1	-0.316	0.839	7	0	0	0	0	0	0	0
58	an3	Guangdong	No	South	F	23	3	3	7	5	9	0	0	4.81	0.767	0.222	2.44	1.6	4	-0.3	0.6	2	0	0	0	0	0	0	7
58	tu2	Guangdong	No	South	F	23	3	3	7	6	11	0	0	6.33	0.5	0.273	2.18	2.17	3	0.167	0.25	4	3	1	1	0	0	0	2
59	iE1	Beijing	Yes	North	F	24	1	1	5	1	7	0	1	5	0.625	0.125	2.11	1.5	3	-0.503	0.271	4	0	0	0	0	0	0	3
59	c@N1	Beijing	Yes	North	F	24	1	1	5	2	5	1	0	3.32	0.442	0	2.27	1	3	-0.333	0	2	1	0	0	0	0	0	2
59	kuo4	Beijing	Yes	North	F	24	1	1	5	3	7	0	0	5.15	0.773	0.286	2.46	1.5	3	-0.15	0.208	3	2	0	0	0	0	0	2
59	an3	Beijing	Yes	North	F	24	1	1	5	4	11	0	0	9.5	0.848	0.364	1.86	4	2	0.079	0.588	8	2	0	0	0	0	0	1
59	tu2	Beijing	Yes	North	F	24	1	1	5	5	11	0	0	7.16	0.727	0.182	2.03	2.83	2	-0.382	0.629	3	7	0	0	0	0	0	1
59	uaI4	Beijing	Yes	North	F	24	1	1	5	6	11	0	0	7.27	0.832	0.091	2.11	3	4	-0.217	0.472	1	5	0	0	0	0	0	5
60	tu2	Guangdong	No	South	M	22	2	2	7	1	8	0	0	7.66	0.874	0.25	1.61	4.22	1	0.107	0.762	7	1	0	0	0	0	0	0
60	uaI4	Guangdong	No	South	M	22	2	2	7	2	9	0	0	6.99	0.926	0	1.87	4.8	2	0	1	6	0	0	0	0	0	0	3
60	kuo4	Guangdong	No	South	M	22	2	2	7	3	6	0	0	5.41	0.845	0.333	1.71	2.57	1	-0.189	0.333	4	2	0	0	0	0	0	0
60	c@N1	Guangdong	No	South	M	22	2	2	7	4	4	0	0	3.66	0.83	0	1.4	2.4	2	0	0.8	3	0	0	0	0	0	0	1
60	an3	Guangdong	No	South	M	22	2	2	7	5	6	0	0	5	0.693	0	1.81	1.71	2	-0.575	0.31	4	0	0	0	0	0	0	2
60	iE1	Guangdong	No	South	M	22	2	2	7	6	2	0	0	2	1	0	1	2	1	0	1	2	0	0	0	0	0	0	0
61	tu2	Guangdong	No	South	F	26	3	3	6	1	7	1	0	3.5	0.375	0	2	1.5	3	-0.25	0.125	1	2	2	0	0	0	0	2
61	uaI4	Guangdong	No	South	F	26	3	3	6	2	12	1	0	9.63	0.684	0.077	2.31	3.23	3	0.039	0.385	6	2	0	0	0	0	0	4
61	iE1	Guangdong	No	South	F	26	3	3	6	3	10	0	1	7.32	0.484	0.091	2.4	1.82	4	-0.418	0.406	6	1	0	0	0	0	0	3
61	an3	Guangdong	No	South	F	26	3	3	6	4	9	0	0	4.89	0.553	0	2.89	0.2	9	0	0	0	0	0	0	0	0	0	9
61	c@N1	Guangdong	No	South	F	26	3	3	6	5	10	0	0	5.97	0.297	0	3.07	0.91	7	-0.303	0	3	1	0	0	0	0	0	6
61	kuo4	Guangdong	No	South	F	26	3	3	6	6	8	0	1	6.32	0.758	0.111	2.25	2.22	2	-0.593	0.481	4	1	2	0	0	0	0	1
62	an3	Shandong	Yes	North	F	22	1	1	6	1	15	0	0	10.05	0.799	0.6	2.56	3.12	2	-0.186	0.223	5	6	0	0	0	0	0	4
62	tu2	Shandong	Yes	North	F	22	1	1	6	2	16	0	0	10.5	0.766	0.688	2.41	3.53	3	0.057	0.451	6	5	0	0	0	0	0	5
62	kuo4	Shandong	Yes	North	F	22	1	1	6	3	13	0	0	10.62	0.845	0.692	1.78	4.43	1	-0.107	0.373	6	7	0	0	0	0	0	0
62	uaI4	Shandong	Yes	North	F	22	1	1	6	4	10	1	0	6.96	0.877	0.727	2	2.91	1	0.135	0.303	3	3	2	2	0	0	0	0
62	iE1	Shandong	Yes	North	F	22	1	1	6	5	12	0	0	8.96	0.888	0.75	1.83	4.15	1	0.128	0.364	5	5	2	0	0	0	0	0
62	c@N1	Shandong	Yes	North	F	22	1	1	6	6	15	0	0	12.28	0.821	0.667	1.99	4.12	1	0.149	0.26	7	8	0	0	0	0	0	0
63	tu2	Fujian	No	South	M	19	2	2	7	1	12	0	0	7	0.792	0.417	1.63	4.46	1	0.073	0.681	2	8	2	0	0	0	0	0
63	iE1	Fujian	No	South	M	19	2	2	7	2	13	0	0	7.31	0.832	0.615	2.35	2.86	1	0.198	0.333	4	2	3	4	0	0	0	0
63	kuo4	Fujian	No	South	M	19	2	2	7	3	15	0	0	12.28	0.887	0.6	1.66	5.12	1	0.004	0.539	7	8	0	0	0	0	0	0
63	uaI4	Fujian	No	South	M	19	2	2	7	4	16	0	0	12.26	0.872	0.5	1.7	4.82	1	0.341	0.579	5	8	3	0	0	0	0	0
63	c@N1	Fujian	No	South	M	19	2	2	7	5	12	0	0	8.6	0.802	0.25	1.68	3.85	2	0.462	0.641	2	6	3	0	0	0	0	1
63	an3	Fujian	No	South	M	19	2	2	7	6	14	0	0	6.27	0.879	0.5	1.77	4.4	2	-0.053	0.559	0	0	0	0	0	0	0	14
64	iE1	Guangdong	No	South	M	25	2	2	8	1	8	0	0	8	0.915	0.25	1.47	4.22	1	-0.357	0.821	8	0	0	0	0	0	0	0
64	kuo4	Guangdong	No	South	M	25	2	2	8	2	7	0	0	7	0.903	0.143	1.5	3.5	1	-0.445	0.792	7	0	0	0	0	0	0	0
64	c@N1	Guangdong	No	South	M	25	2	2	8	3	6	0	0	4.64	0.608	0.167	2.33	0.86	4	-0.429	0	2	0	0	0	0	0	0	4
64	tu2	Guangdong	No	South	M	25	2	2	8	4	9	1	2	7.66	0.805	0.167	1.89	3	2	0.112	0.513	6	2	0	0	0	0	0	1
64	uaI4	Guangdong	No	South	M	25	2	2	8	5	10	0	0	9.32	0.74	0	1.95	3.09	3	-0.328	0.666	8	0	0	0	0	0	0	2
64	an3	Guangdong	No	South	M	25	2	2	8	6	2	1	0	2	0.833	0.667	1	2	1	0	1	2	0	0	0	0	0	0	0
65	an3	Shanghai	No	South	M	29	1	1	7	1	14	0	0	11.12	0.83	0	1.81	3.87	4	-0.185	0.7	6	0	0	0	0	0	0	8
65	iE1	Shanghai	No	South	M	29	1	1	7	2	9	0	0	7.3	0.849	0.222	1.69	2.8	2	0.361	0.42	4	2	2	0	0	0	0	1
65	kuo4	Shanghai	No	South	M	29	1	1	7	3	15	0	0	10.26	0.729	0	2.16	2.88	5	0	0.812	3	0	0	0	0	0	0	12
65	c@N1	Shanghai	No	South	M	29	1	1	7	4	12	4	1	5.28	0.741	0	2.17	2	5	0.135	0.679	0	0	0	0	0	0	0	12
65	uaI4	Shanghai	No	South	M	29	1	1	7	5	5	0	2	2.31	0.614	0	2.47	0.33	5	0	0	0	0	0	0	0	0	0	5
65	tu2	Shanghai	No	South	M	29	1	1	7	6	13	0	1	8.5	0.643	0.071	1.65	4.57	3	0.663	0.808	4	1	6	0	0	0	0	2
66	tu2	Guangdong	No	South	M	19	2	1	7	1	18	3	1	10.5	0.886	0.682	1.67	5.89	1	0.392	0.496	3	6	9	0	0	0	0	0
66	iE1	Guangdong	No	South	M	19	2	1	7	2	17	1	0	12.36	0.856	0.722	2.18	4	2	-0.209	0.304	5	8	2	0	0	0	0	2
66	c@N1	Guangdong	No	South	M	19	2	1	7	3	15	0	0	7.63	0.887	0.467	2.58	3.12	3	-0.286	0.592	4	2	0	0	0	0	0	9
66	uaI4	Guangdong	No	South	M	19	2	1	7	4	13	1	1	9.95	0.843	0.6	2.07	3.43	2	0.19	0.605	5	7	0	0	0	0	0	1
66	kuo4	Guangdong	No	South	M	19	2	1	7	5	13	0	1	7.31	0.737	0.286	2.63	2.86	2	-0.336	0.652	5	2	0	0	0	0	0	6
66	an3	Guangdong	No	South	M	19	2	1	7	6	16	1	0	10.55	0.921	0.588	2.19	3.06	2	-0.15	0.475	2	5	0	0	0	0	0	9
67	c@N1	Taiwan	No	South	M	26	3	2	8	1	17	1	1	14.29	0.84	0.053	1.73	7	3	0.288	0.601	10	5	0	0	0	0	0	2
67	uaI4	Taiwan	No	South	M	26	3	2	8	2	12	0	0	1.98	0.804	0.583	2.63	2	4	-0.256	0.256	0	0	0	0	0	0	0	12
67	an3	Taiwan	No	South	M	26	3	2	8	3	21	1	0	14.37	0.95	0.591	1.99	5	1	-0.008	0.485	3	12	6	0	0	0	0	0
67	tu2	Taiwan	No	South	M	26	3	2	8	4	26	1	2	15.5	0.776	0.621	1.84	6.89	2	0.335	0.552	7	14	3	0	0	0	0	2
67	kuo4	Taiwan	No	South	M	26	3	2	8	5	18	4	0	14.19	0.897	0.682	2.02	4.95	2	0.066	0.452	7	9	0	0	0	0	0	2
67	iE1	Taiwan	No	South	M	26	3	2	8	6	21	2	0	11.28	0.76	0.565	3.06	3.36	3	-0.251	0.489	6	4	0	0	0	0	0	11
68	tu2	Beijing	Yes	North	F	28	1	1	7	1	11	0	1	9.83	0.638	0.083	1.88	4.5	2	-0.118	0.624	9	1	0	0	0	0	0	1
68	uaI4	Beijing	Yes	North	F	28	1	1	7	2	8	1	0	6.82	0.73	0	2.06	2.22	1	-0.481	0.233	5	2	1	0	0	0	0	0
68	an3	Beijing	Yes	North	F	28	1	1	7	3	13	0	0	11.41	0.774	0.231	1.88	4.71	1	0.206	0.527	9	4	0	0	0	0	0	0
68	iE1	Beijing	Yes	North	F	28	1	1	7	4	10	0	0	9.66	0.883	0.2	1.44	5.82	1	0	0.667	9	1	0	0	0	0	0	0
68	kuo4	Beijing	Yes	North	F	28	1	1	7	5	9	0	1	7.98	0.797	0	1.69	4	1	0	0.514	6	3	0	0	0	0	0	0
68	c@N1	Beijing	Yes	North	F	28	1	1	7	6	15	0	0	13.3	0.865	0.133	1.81	5.5	1	0.314	0.517	10	5	0	0	0	0	0	0
69	tu2	Hebei	Yes	North	F	24	1	1	5	1	19	1	4	9.33	0.736	0.458	2.09	4.5	2	0.043	0.437	3	12	3	0	0	0	0	1
69	c@N1	Hebei	Yes	North	F	24	1	1	5	2	19	4	4	14.44	0.785	0.444	2.14	4	1	0.212	0.475	8	7	4	0	0	0	0	0
69	iE1	Hebei	Yes	North	F	24	1	1	5	3	20	1	1	16.19	0.782	0.545	1.82	6.86	2	0.203	0.605	10	9	0	0	0	0	0	1
69	uaI4	Hebei	Yes	North	F	24	1	1	5	4	11	2	3	9.64	0.827	0.312	1.82	3.33	1	-0.046	0.607	7	2	2	0	0	0	0	0
69	kuo4	Hebei	Yes	North	F	24	1	1	5	5	15	2	1	13.3	0.804	0.389	1.7	5.38	2	0.344	0.635	10	4	0	0	0	0	0	1
69	an3	Hebei	Yes	North	F	24	1	1	5	6	17	0	0	11.46	0.729	0.235	2.4	2.89	4	0.178	0.463	4	8	0	0	0	0	0	5
70	kuo4	Tianjin	Yes	North	F	23	3	3	7	1	12	0	2	5.14	0.689	0.071	2.68	1.85	5	-0.231	0.154	1	0	0	0	0	0	0	11
70	c@N1	Tianjin	Yes	North	F	23	3	3	7	2	10	0	3	7.96	0.715	0	2.16	2.18	2	-0.104	0.136	4	5	0	0	0	0	0	1
70	iE1	Tianjin	Yes	North	F	23	3	3	7	3	6	0	3	3.81	0.701	0.111	2.14	1.43	3	-0.575	0.31	1	3	0	0	0	0	0	2
70	an3	Tianjin	Yes	North	F	23	3	3	7	4	6	2	1	3.48	0.813	0	2.1	1.43	3	-0.408	0.333	1	2	0	0	0	0	0	3
70	tu2	Tianjin	Yes	North	F	23	3	3	7	5	9	1	0	4.57	0.74	0.1	2.89	1.2	4	-0.9	0	2	0	0	0	0	0	0	7
70	uaI4	Tianjin	Yes	North	F	23	3	3	7	6	8	1	2	5.89	0.84	0.091	2.03	2	1	-0.362	0.233	2	4	2	0	0	0	0	0
71	uaI4	Guizhou	Yes	South	F	21	3	2	8	1	14	0	1	12.64	0.887	0.067	1.46	7.6	3	0	0.733	10	0	0	0	0	0	0	4
71	kuo4	Guizhou	Yes	South	F	21	3	2	8	2	12	0	1	9.3	0.689	0.077	1.96	3.85	3	-0.348	0.516	6	1	0	0	0	0	0	5
71	c@N1	Guizhou	Yes	South	F	21	3	2	8	3	14	0	0	6.94	0.52	0.071	2.42	2	7	0.299	0.462	1	0	0	0	0	0	0	13
71	tu2	Guizhou	Yes	South	F	21	3	2	8	4	15	0	3	8	0.694	0	1.74	5.75	2	0.647	0.708	2	8	2	2	0	0	0	1
71	iE1	Guizhou	Yes	South	F	21	3	2	8	5	13	0	0	1	0.615	0	2.01	3	4	-0.039	0.595	0	0	0	0	0	0	0	13
71	an3	Guizhou	Yes	South	F	21	3	2	8	6	13	0	0	10.28	0.869	0	1.55	5.86	2	0.621	0.789	5	7	0	0	0	0	0	1
72	iE1	Guangdong	No	South	F	26	2	2	7	1	9	1	2	2.66	0.332	0.167	2.89	0.6	7	-0.3	0	1	0	0	0	0	0	0	8
72	c@N1	Guangdong	No	South	F	26	2	2	7	2	8	0	1	5.64	0.811	0.444	1.94	2.22	2	-0.013	0.185	3	3	1	0	0	0	0	1
72	kuo4	Guangdong	No	South	F	26	2	2	7	3	8	0	0	5.82	0.696	0	2.64	1.78	4	-0.309	0.389	3	1	0	0	0	0	0	4
72	tu2	Guangdong	No	South	F	26	2	2	7	4	11	0	1	8	0.875	0.25	1.53	5.17	1	0.124	0.829	5	6	0	0	0	0	0	0
72	an3	Guangdong	No	South	F	26	2	2	7	5	8	0	0	4.32	0.612	0.125	2.42	1.56	2	-0.63	0	1	2	0	0	0	0	0	5
72	uaI4	Guangdong	No	South	F	26	2	2	7	6	7	0	1	7	0.77	0.25	1.57	3	1	-0.615	0.571	7	0	0	0	0	0	0	0
73	uaI4	Fujian	No	South	M	19	2	1	7	1	15	0	0	15	0.932	0.133	1.4	9	1	0.039	0.971	15	0	0	0	0	0	0	0
73	tu2	Fujian	No	South	M	19	2	1	7	2	13	0	1	8.41	0.756	0.143	2.26	3.29	3	-0.269	0.752	5	2	0	0	0	0	0	6
73	c@N1	Fujian	No	South	M	19	2	1	7	3	13	0	2	12.16	0.916	0.067	1.84	6.86	3	0.149	0.834	11	0	0	0	0	0	0	2
73	kuo4	Fujian	No	South	M	19	2	1	7	4	14	0	0	12.65	0.927	0	1.46	9.07	2	-0.298	0.78	11	2	0	0	0	0	0	1
73	an3	Fujian	No	South	M	19	2	1	7	5	20	0	1	19.66	0.928	0.048	1.42	12	2	0.148	0.935	19	0	0	0	0	0	0	1
73	iE1	Fujian	No	South	M	19	2	1	7	6	8	1	0	5.24	0.703	0.111	2.64	1.56	3	-0.37	0.333	3	1	0	0	0	0	0	4
74	c@N1	Henan	Yes	North	M	28	2	2	7	1	10	0	3	8.3	0.844	0.615	1.75	3.64	1	-0.161	0.427	5	5	0	0	0	0	0	0
74	uaI4	Henan	Yes	North	M	28	2	2	7	2	7	0	0	6.5	0.88	0.429	1.64	3	1	-0.406	0.504	5	2	0	0	0	0	0	0
74	an3	Henan	Yes	North	M	28	2	2	7	3	8	0	0	6.75	0.864	0.5	1.92	2.89	1	-0.045	0.804	5	1	2	0	0	0	0	0
74	iE1	Henan	Yes	North	M	28	2	2	7	4	4	0	2	3.66	0.83	0.5	1.4	2.4	1	-0.333	0.333	3	1	0	0	0	0	0	0
74	kuo4	Henan	Yes	North	M	28	2	2	7	5	10	0	0	9.32	0.898	0.4	1.51	4.91	1	0.074	0.667	8	2	0	0	0	0	0	0
74	tu2	Henan	Yes	North	M	28	2	2	7	6	5	0	0	5	0.864	0.6	1.47	2.67	1	-0.709	0.55	5	0	0	0	0	0	0	0
75	uaI4	Sichuan	Yes	South	M	26	2	2	6	1	10	0	0	5.63	0.497	0.2	2.62	1.27	5	-0.545	0.273	2	0	0	0	0	0	0	8
75	c@N1	Sichuan	Yes	South	M	26	2	2	6	2	10	0	0	4.3	0.495	0	2.73	0.73	8	0	0.273	1	0	0	0	0	0	0	9
75	tu2	Sichuan	Yes	South	M	26	2	2	6	3	16	0	1	10.5	0.588	0.235	1.83	4	2	0.172	0.604	6	6	3	0	0	0	0	1
75	iE1	Sichuan	Yes	South	M	26	2	2	6	4	12	0	0	7.11	0.748	0.333	2.17	2	3	0.117	0.192	1	1	3	3	1	0	0	3
75	kuo4	Sichuan	Yes	South	M	26	2	2	6	5	9	0	0	5.63	0.552	0	2.38	1.6	3	0.114	0.167	2	3	1	1	0	0	0	2
75	an3	Sichuan	Yes	South	M	26	2	2	6	6	13	0	0	6.29	0.613	0.154	2.75	1.43	6	-0.082	0.107	1	1	3	1	0	0	0	7
76	iE1	Shandong	Yes	North	M	28	2	2	6	1	18	0	1	14.45	0.841	0.579	2.04	4.84	2	0.168	0.467	9	8	0	0	0	0	0	1
76	an3	Shandong	Yes	North	M	28	2	2	6	2	21	0	0	13.92	0.879	0.524	2.3	5.27	2	0.19	0.504	5	10	2	0	0	0	0	4
76	c@N1	Shandong	Yes	North	M	28	2	2	6	3	19	0	0	14.92	0.857	0.526	1.66	6.5	1	0.287	0.628	7	11	1	0	0	0	0	0
76	tu2	Shandong	Yes	North	M	28	2	2	6	4	19	0	0	11	0.842	0.474	1.74	6	2	0.499	0.583	4	10	3	1	0	0	0	1
76	kuo4	Shandong	Yes	North	M	28	2	2	6	5	12	1	2	9.96	0.841	0.333	1.65	4.15	1	0.036	0.713	6	6	0	0	0	0	0	0
76	uaI4	Shandong	Yes	North	M	28	2	2	6	6	14	0	0	11.29	0.794	0.143	1.9	3.6	3	0.294	0.41	7	3	1	0	0	0	0	3
77	c@N1	Shandong	Yes	North	M	38	2	2	5	1	8	0	1	6.64	0.774	0.444	1.81	2.67	1	-0.009	0.333	4	3	1	0	0	0	0	0
77	uaI4	Shandong	Yes	North	M	38	2	2	5	2	10	0	2	4.31	0.776	0.417	2.47	2.18	3	-0.303	0.303	2	2	0	0	0	0	0	6
77	tu2	Shandong	Yes	North	M	38	2	2	5	3	13	0	3	7	0.812	0.688	1.97	3.71	1	0.098	0.25	4	6	3	0	0	0	0	0
77	an3	Shandong	Yes	North	M	38	2	2	5	4	6	0	3	3	0.778	0.556	2.05	2	2	-0.238	0.238	2	2	0	0	0	0	0	2
77	iE1	Shandong	Yes	North	M	38	2	2	5	5	8	0	1	5.66	0.556	0.556	2.06	2.22	2	-0.099	0.074	4	3	0	0	0	0	0	1
77	kuo4	Shandong	Yes	North	M	38	2	2	5	6	8	1	2	6.98	0.877	0.727	1.78	2.89	1	-0.351	0.448	5	3	0	0	0	0	0	0
78	c@N1	Anhui	Yes	South	F	23	1	1	7	1	6	4	1	4.98	0.847	0.273	2	1.71	1	-0.448	0	3	3	0	0	0	0	0	0
78	uaI4	Anhui	Yes	South	F	23	1	1	7	2	8	0	1	6.82	0.934	0.111	1.83	2.89	1	-0.354	0.178	4	4	0	0	0	0	0	0
78	tu2	Anhui	Yes	South	F	23	1	1	7	3	12	1	0	11.32	0.884	0.385	1.83	3.85	1	-0.253	0.709	10	2	0	0	0	0	0	0
78	an3	Anhui	Yes	South	F	23	1	1	7	4	10	0	0	8.5	0.816	0.5	1.87	3.45	1	-0.444	0.578	7	3	0	0	0	0	0	0
78	iE1	Anhui	Yes	South	F	23	1	1	7	5	13	0	0	9.29	0.871	0.769	2.3	3.57	2	0.052	0.543	5	4	0	0	0	0	0	4
78	kuo4	Anhui	Yes	South	F	23	1	1	7	6	10	0	0	8.75	0.925	0.3	2.15	3.64	2	-0.342	0.684	7	0	0	0	0	0	0	3
79	uaI4	Hunan	No	South	F	20	3	2	7	1	9	0	1	8.32	0.865	0	1.67	4.6	2	-0.259	0.643	7	1	0	0	0	0	0	1
79	tu2	Hunan	No	South	F	20	3	2	7	2	12	0	0	6.66	0.763	0	1.86	4.62	4	0	0.615	1	0	0	0	0	0	0	11
79	c@N1	Hunan	No	South	F	20	3	2	7	3	8	0	0	3.64	0.706	0	2.33	2.44	4	0	0.556	1	0	0	0	0	0	0	7
79	kuo4	Hunan	No	South	F	20	3	2	7	4	5	0	0	4.66	0.73	0	1.73	2.33	2	-0.463	0.583	4	0	0	0	0	0	0	1
79	iE1	Hunan	No	South	F	20	3	2	7	5	7	0	0	2.5	0.214	0	2.32	2	2	-0.069	0.667	2	1	1	0	0	0	0	3
79	an3	Hunan	No	South	F	20	3	2	7	6	3	0	0	1.5	0.833	0.333	1.67	1.5	1	-0.5	0	1	1	1	0	0	0	0	0
80	tu2	Hebei	Yes	North	M	23	3	2	5	1	17	0	0	10.65	0.764	0.529	2.42	3.56	2	-0.064	0.311	6	6	0	0	0	0	0	5
80	iE1	Hebei	Yes	North	M	23	3	2	5	2	14	0	0	10.14	0.773	0.5	2.1	3.33	2	-0.093	0.4	5	7	1	0	0	0	0	1
80	an3	Hebei	Yes	North	M	23	3	2	5	3	16	0	0	10.71	0.782	0.438	2.35	2.47	2	0.522	0.353	3	2	4	4	2	0	0	1
80	c@N1	Hebei	Yes	North	M	23	3	2	5	4	13	1	0	8.7	0.744	0.571	2.68	3.14	4	-0.089	0.305	3	6	0	0	0	0	0	4
80	kuo4	Hebei	Yes	North	M	23	3	2	5	5	7	0	0	4.9	0.523	0.143	2.71	1	5	0	0.375	2	0	0	0	0	0	0	5
80	uaI4	Hebei	Yes	North	M	23	3	2	5	6	11	0	1	5.91	0.826	0.583	2.56	2.33	1	-0.186	0.444	4	1	1	1	2	1	1	0
81	tu2	Shandong	Yes	North	F	19	2	2	6	1	24	0	0	16.48	0.895	0.75	1.89	6.8	1	0.387	0.453	8	16	0	0	0	0	0	0
81	c@N1	Shandong	Yes	North	F	19	2	2	6	2	19	0	0	15.26	0.893	0.684	1.65	6.7	1	0.183	0.516	8	11	0	0	0	0	0	0
81	uaI4	Shandong	Yes	North	F	19	2	2	6	3	19	0	1	15.69	0.886	0.55	1.9	5.5	1	0.116	0.535	9	10	0	0	0	0	0	0
81	iE1	Shandong	Yes	North	F	19	2	2	6	4	20	0	0	15.1	0.874	0.7	1.94	5.24	1	0.379	0.463	7	13	0	0	0	0	0	0
81	kuo4	Shandong	Yes	North	F	19	2	2	6	5	24	0	0	18.67	0.863	0.667	2.19	5.44	2	0.162	0.538	9	12	0	0	0	0	0	3
81	an3	Shandong	Yes	North	F	19	2	2	6	6	22	1	3	16.4	0.825	0.654	1.75	6.7	1	0.262	0.506	6	14	2	0	0	0	0	0
82	an3	Sichuan	Yes	South	F	26	3	2	8	1	19	0	0	11.58	0.84	0.579	1.93	4.7	1	0.459	0.503	3	7	6	3	0	0	0	0
82	tu2	Sichuan	Yes	South	F	26	3	2	8	2	20	1	0	11	0.786	0.571	1.96	4.57	2	0.422	0.64	5	8	1	3	0	0	0	3
82	kuo4	Sichuan	Yes	South	F	26	3	2	8	3	12	1	0	7.29	0.858	0.462	2.21	2.77	2	0.073	0.233	3	5	3	0	0	0	0	1
82	c@N1	Sichuan	Yes	South	F	26	3	2	8	4	16	2	0	8.26	0.709	0.278	2.33	1.88	4	-0.13	0.176	1	1	0	0	0	0	0	14
82	uaI4	Sichuan	Yes	South	F	26	3	2	8	5	17	0	0	12.18	0.812	0.412	2.07	3.78	3	0.177	0.428	4	9	2	0	0	0	0	2
82	iE1	Sichuan	Yes	South	F	26	3	2	8	6	11	0	0	3.66	0.696	0.273	2.41	2.83	3	-0.363	0.522	3	1	0	0	0	0	0	7
83	an3	Guangdong	No	South	M	23	2	2	7	1	10	0	0	9.5	0.765	0	1.58	5.64	1	0.1	0.689	9	1	0	0	0	0	0	0
83	kuo4	Guangdong	No	South	M	23	2	2	7	2	11	0	0	11	0.969	0.273	1.36	7	1	0.181	0.964	11	0	0	0	0	0	0	0
83	tu2	Guangdong	No	South	M	23	2	2	7	3	10	0	0	6.5	0.95	0.3	1.38	6.18	1	0.101	0.958	3	7	0	0	0	0	0	0
83	iE1	Guangdong	No	South	M	23	2	2	7	4	5	0	0	5	0.9	0.6	1.4	3	1	-0.364	0.9	5	0	0	0	0	0	0	0
83	uaI4	Guangdong	No	South	M	23	2	2	7	5	10	1	1	9.66	0.972	0.333	1.4	6	1	0.196	0.79	9	1	0	0	0	0	0	0
83	c@N1	Guangdong	No	South	M	23	2	2	7	6	8	4	0	5.28	0.915	0.167	1.58	3.33	4	0	0.667	0	0	0	0	0	0	0	8
84	an3	Guangxi	No	South	F	21	2	1	5	1	19	0	0	15.81	0.771	0.105	1.92	6.9	1	0.64	0.674	12	4	3	0	0	0	0	0
84	kuo4	Guangxi	No	South	F	21	2	1	5	2	13	0	1	9.16	0.88	0.357	2.34	3.29	1	-0.13	0.538	5	2	5	1	0	0	0	0
84	tu2	Guangxi	No	South	F	21	2	1	5	3	17	0	0	13.5	0.618	0.235	2.26	4.22	4	0.261	0.502	10	3	0	0	0	0	0	4
84	iE1	Guangxi	No	South	F	21	2	1	5	4	14	0	0	8.3	0.581	0.286	2.58	2.13	4	-0.003	0.133	4	4	3	0	0	0	0	3
84	uaI4	Guangxi	No	South	F	21	2	1	5	5	14	0	0	9.65	0.689	0.357	2.63	3.47	2	0.077	0.557	8	2	1	0	0	0	0	3
84	c@N1	Guangxi	No	South	F	21	2	1	5	6	16	0	0	10.95	0.55	0.125	2.57	2.24	5	-0.075	0.373	6	3	1	0	0	0	0	6
85	c@N1	Fujian	No	South	F	22	2	1	7	1	15	0	0	11.95	0.729	0.067	2.11	3.5	4	0.09	0.607	7	1	0	0	0	0	0	7
85	uaI4	Fujian	No	South	F	22	2	1	7	2	18	1	5	15.96	0.873	0.25	1.59	8	2	0.49	0.713	12	4	1	0	0	0	0	1
85	tu2	Fujian	No	South	F	22	2	1	7	3	20	0	2	12	0.773	0.136	1.7	5.9	1	0.331	0.632	4	11	5	0	0	0	0	0
85	an3	Fujian	No	South	F	22	2	1	7	4	20	4	1	12.91	0.81	0.24	2.04	4.1	4	0.323	0.591	4	7	3	0	0	0	0	6
85	iE1	Fujian	No	South	F	22	2	1	7	5	8	1	1	6.33	0.648	0.2	2.25	2	4	-0.242	0.6	5	0	0	0	0	0	0	3
85	kuo4	Fujian	No	South	F	22	2	1	7	6	13	2	6	11.64	0.951	0.143	1.41	7.71	1	0.683	0.85	9	3	1	0	0	0	0	0
86	uaI4	NA	NA	NA	NA	NA	NA	NA	NA	1	9	0	0	6.96	0.85	0.333	2	3.4	1	0.233	0.473	3	6	0	0	0	0	0	0
86	an3	NA	NA	NA	NA	NA	NA	NA	NA	2	11	0	0	8.46	0.724	0.182	1.79	3.33	1	-0.11	0.477	4	7	0	0	0	0	0	0
86	iE1	NA	NA	NA	NA	NA	NA	NA	NA	3	8	0	0	5.96	0.788	0.25	1.89	1.78	2	-0.353	0.241	2	4	1	0	0	0	0	1
86	c@N1	NA	NA	NA	NA	NA	NA	NA	NA	4	11	2	0	8.3	0.818	0.077	2.05	2.83	5	-0.217	0.472	5	1	0	0	0	0	0	5
86	tu2	NA	NA	NA	NA	NA	NA	NA	NA	5	11	1	0	6.66	0.652	0.167	1.92	2.5	2	-0.388	0.539	2	7	0	0	0	0	0	2
86	kuo4	NA	NA	NA	NA	NA	NA	NA	NA	6	9	0	1	6.81	0.706	0.1	2.38	1.6	3	-0.298	0.217	4	1	1	0	0	0	0	3
87	tu2	Guangdong	No	South	M	21	2	1	6	1	18	0	0	10.32	0.787	0.611	2.3	3.26	2	-0.071	0.298	6	6	0	0	0	0	0	6
87	uaI4	Guangdong	No	South	M	21	2	1	6	2	13	0	0	7.63	0.614	0.231	2.8	2	2	-0.103	0	4	4	2	1	1	0	0	1
87	kuo4	Guangdong	No	South	M	21	2	1	6	3	13	0	0	6.79	0.768	0.385	2.74	1.71	4	0.141	0.214	2	2	2	2	1	0	0	4
87	an3	Guangdong	No	South	M	21	2	1	6	4	16	0	0	9.89	0.541	0.312	2.61	2.47	4	0.096	0.292	5	4	2	0	0	0	0	5
87	iE1	Guangdong	No	South	M	21	2	1	6	5	13	0	0	2.48	0.537	0.231	3.09	0.71	9	-0.214	0	0	0	0	0	0	0	0	13
87	c@N1	Guangdong	No	South	M	21	2	1	6	6	12	0	0	7.2	0.587	0.083	2.62	1.38	7	-0.231	0.308	2	0	0	0	0	0	0	10
88	kuo4	Chongqing	Yes	South	M	23	2	2	6	1	12	0	2	8.23	0.694	0.143	2.5	2.46	2	-0.505	0.538	4	2	2	0	0	0	0	4
88	an3	Chongqing	Yes	South	M	23	2	2	6	2	10	0	2	7	0.917	0.75	1.55	4.55	1	0	0.4	4	6	0	0	0	0	0	0
88	c@N1	Chongqing	Yes	South	M	23	2	2	6	3	12	1	1	9.97	0.855	0.071	1.85	4.31	1	0.236	0.483	7	4	1	0	0	0	0	0
88	uaI4	Chongqing	Yes	South	M	23	2	2	6	4	10	1	1	6.9	0.792	0	2.49	2	4	-0.273	0.182	3	2	0	0	0	0	0	5
88	tu2	Chongqing	Yes	South	M	23	2	2	6	5	15	0	1	4.82	0.801	0	2.83	2.75	5	0	0.938	0	0	0	0	0	0	0	15
88	iE1	Chongqing	Yes	South	M	23	2	2	6	6	14	0	0	8.23	0.761	0.071	2.47	2.53	2	0.392	0.089	4	5	3	1	0	0	0	1
89	an3	Shandong	Yes	North	F	24	1	1	8	1	7	0	0	4.82	0.617	0.286	1.86	2.25	1	-0.58	0.421	2	5	0	0	0	0	0	0
89	kuo4	Shandong	Yes	North	F	24	1	1	8	2	12	0	0	8.79	0.762	0.333	2.22	2.77	2	0.014	0.259	4	6	1	0	0	0	0	1
89	uaI4	Shandong	Yes	North	F	24	1	1	8	3	10	0	0	8.39	0.681	0.4	2.05	2.36	1	-0.136	0.267	5	5	0	0	0	0	0	0
89	tu2	Shandong	Yes	North	F	24	1	1	8	4	12	0	0	6.83	0.652	0.333	2.08	2.92	3	0.128	0.344	3	5	2	0	0	0	0	2
89	iE1	Shandong	Yes	North	F	24	1	1	8	5	10	0	2	6.98	0.666	0.583	2.18	2.91	1	0.273	0.288	4	5	1	0	0	0	0	0
89	c@N1	Shandong	Yes	North	F	24	1	1	8	6	10	0	0	7.64	0.797	0.3	2.29	2	2	-0.109	0.261	5	3	1	0	0	0	0	1
90	an3	Shanxi	Yes	North	F	23	1	1	8	1	12	0	0	7	0.792	0.583	1.79	4	1	-0.122	0.359	3	7	2	0	0	0	0	0
90	kuo4	Shanxi	Yes	North	F	23	1	1	8	2	14	0	0	10.48	0.904	0.714	2.29	3.2	2	-0.058	0.34	5	3	0	0	0	0	0	6
90	uaI4	Shanxi	Yes	North	F	23	1	1	8	3	12	0	0	9.73	0.804	0.417	2.29	2.77	1	0.006	0.336	5	6	1	0	0	0	0	0
90	tu2	Shanxi	Yes	North	F	23	1	1	8	4	13	1	0	6.97	0.767	0.429	2.76	1.86	5	-0.245	0.214	3	2	1	0	0	0	0	7
90	iE1	Shanxi	Yes	North	F	23	1	1	8	5	11	0	0	6.15	0.817	0.727	2.17	3.17	2	-0.231	0.583	4	0	0	0	0	0	0	7
90	c@N1	Shanxi	Yes	North	F	23	1	1	8	6	11	1	0	6.47	0.762	0.333	2.59	1.5	4	-0.347	0.139	3	2	1	0	0	0	0	5
91	c@N1	Zhejiang	No	South	F	23	1	1	8	1	8	5	0	5.97	0.922	0.231	1.97	3.11	2	0.498	0.77	3	4	0	0	0	0	0	1
91	kuo4	Zhejiang	No	South	F	23	1	1	8	2	15	0	0	15	0.977	0.2	1.3	10.5	1	0.369	0.979	15	0	0	0	0	0	0	0
91	iE1	Zhejiang	No	South	F	23	1	1	8	3	12	0	0	12	0.915	0.25	1.45	6.62	1	-0.056	0.882	12	0	0	0	0	0	0	0
91	uaI4	Zhejiang	No	South	F	23	1	1	8	4	13	2	0	13	0.909	0.2	1.35	8.43	1	-0.049	0.899	13	0	0	0	0	0	0	0
91	an3	Zhejiang	No	South	F	23	1	1	8	5	17	0	0	16.66	0.871	0.176	1.54	8.33	2	0.088	0.916	16	0	0	0	0	0	0	1
91	tu2	Zhejiang	No	South	F	23	1	1	8	6	16	1	2	16	0.974	0.158	1.21	12.71	1	0.299	0.986	16	0	0	0	0	0	0	0
92	tu2	Hunan	No	South	F	20	3	2	8	1	11	0	0	10.5	0.818	0.364	1.7	4	1	-0.248	0.772	10	1	0	0	0	0	0	0
92	an3	Hunan	No	South	F	20	3	2	8	2	9	0	0	9	0.962	0.333	1.4	5.4	1	0	0.95	9	0	0	0	0	0	0	0
92	kuo4	Hunan	No	South	F	20	3	2	8	3	11	0	1	11	0.888	0.333	1.36	7	1	0.181	0.964	11	0	0	0	0	0	0	0
92	iE1	Hunan	No	South	F	20	3	2	8	4	9	0	0	9	0.887	0.333	1.64	3.2	1	-0.454	0.819	9	0	0	0	0	0	0	0
92	uaI4	Hunan	No	South	F	20	3	2	8	5	10	0	0	8.99	0.8	0.2	2.05	3.09	2	-0.251	0.693	8	1	0	0	0	0	0	1
92	c@N1	Hunan	No	South	F	20	3	2	8	6	12	0	0	11.66	0.888	0.167	1.62	6.15	2	-0.133	0.81	11	0	0	0	0	0	0	1
93	uaI4	Henan	Yes	North	F	22	2	2	7	1	7	0	2	5.3	0.85	0.556	1.89	2	1	-0.067	0	2	3	2	0	0	0	0	0
93	an3	Henan	Yes	North	F	22	2	2	7	2	13	0	1	11.66	0.784	0.214	1.95	4.86	3	0.132	0.63	10	1	0	0	0	0	0	2
93	tu2	Henan	Yes	North	F	22	2	2	7	3	7	0	1	4	1	0.125	1.21	5.5	1	-0.316	0.839	1	6	0	0	0	0	0	0
93	c@N1	Henan	Yes	North	F	22	2	2	7	4	7	1	1	5.64	0.849	0	1.46	3.75	1	-0.25	0.625	3	3	1	0	0	0	0	0
93	iE1	Henan	Yes	North	F	22	2	2	7	5	7	0	1	5.83	0.831	0.25	2.11	2.25	2	-0.35	0.442	5	1	0	0	0	0	0	1
93	kuo4	Henan	Yes	North	F	22	2	2	7	6	5	0	0	4.66	0.864	0	1.33	3.33	2	0	0.833	4	0	0	0	0	0	0	1
94	an3	Henan	Yes	North	F	21	2	1	8	1	27	0	1	19.32	0.85	0.679	2.04	6.07	2	0.351	0.404	7	17	2	0	0	0	0	1
94	uaI4	Henan	Yes	North	F	21	2	1	8	2	21	0	0	14.76	0.864	0.667	2.18	4.55	1	0.263	0.383	6	11	4	0	0	0	0	0
94	tu2	Henan	Yes	North	F	21	2	1	8	3	36	0	5	22.5	0.841	0.683	1.7	10.92	1	0.384	0.632	9	27	0	0	0	0	0	0
94	kuo4	Henan	Yes	North	F	21	2	1	8	4	24	1	5	19.24	0.898	0.667	1.67	7.84	1	0.16	0.574	10	14	0	0	0	0	0	0
94	iE1	Henan	Yes	North	F	21	2	1	8	5	24	1	0	18.9	0.918	0.68	1.68	7.68	1	0.075	0.558	9	15	0	0	0	0	0	0
94	c@N1	Henan	Yes	North	F	21	2	1	8	6	29	0	1	22.54	0.898	0.667	1.69	9	1	0.211	0.613	10	19	0	0	0	0	0	0
95	kuo4	Hubei	Yes	South	F	19	1	1	8	1	9	0	0	8.75	0.907	0.222	1.71	4	1	-0.085	0.739	8	1	0	0	0	0	0	0
95	uaI4	Hubei	Yes	South	F	19	1	1	8	2	9	0	1	8.07	0.789	0.2	2	2.6	1	-0.311	0.36	6	3	0	0	0	0	0	0
95	c@N1	Hubei	Yes	South	F	19	1	1	8	3	10	0	0	8.64	0.715	0.2	2.04	2.91	2	0.034	0.452	6	3	0	0	0	0	0	1
95	an3	Hubei	Yes	South	F	19	1	1	8	4	9	0	0	6.75	0.778	0.333	2.33	3	2	-0.056	0.733	2	1	1	0	0	0	0	5
95	iE1	Hubei	Yes	South	F	19	1	1	8	5	9	0	0	8.32	0.812	0.222	1.91	3.2	1	-0.078	0.633	7	1	1	0	0	0	0	0
95	tu2	Hubei	Yes	South	F	19	1	1	8	6	7	0	0	7	0.929	0.286	1.36	4.5	1	-0.096	0.94	7	0	0	0	0	0	0	0
96	iE1	Jiangsu	Yes	South	F	24	1	1	6	1	22	0	0	15.56	0.877	0.636	1.87	6.09	1	0.217	0.464	5	13	4	0	0	0	0	0
96	c@N1	Jiangsu	Yes	South	F	24	1	1	6	2	13	2	2	10.28	0.94	0.765	1.66	4.43	1	0.348	0.379	5	7	1	0	0	0	0	0
96	tu2	Jiangsu	Yes	South	F	24	1	1	6	3	18	2	2	11.5	0.864	0.636	1.67	6	1	0.327	0.447	5	11	2	0	0	0	0	0
96	kuo4	Jiangsu	Yes	South	F	24	1	1	6	4	15	0	0	11.94	0.909	0.733	1.63	5.5	1	0.13	0.426	6	9	0	0	0	0	0	0
96	uaI4	Jiangsu	Yes	South	F	24	1	1	6	5	15	2	5	12.28	0.907	0.727	1.64	5.38	1	0.281	0.452	7	8	0	0	0	0	0	0
96	an3	Jiangsu	Yes	South	F	24	1	1	6	6	18	0	2	13.58	0.898	0.7	1.67	6	1	0.165	0.496	5	11	2	0	0	0	0	0
97	iE1	Hunan	No	South	F	18	3	2	8	1	16	0	0	12.61	0.852	0.562	1.77	5.06	2	0.1	0.528	7	8	0	0	0	0	0	1
97	uaI4	Hunan	No	South	F	18	3	2	8	2	16	0	0	12.94	0.872	0.5	1.68	5.06	1	0.274	0.606	7	8	1	0	0	0	0	0
97	tu2	Hunan	No	South	F	18	3	2	8	3	15	1	0	9.5	0.875	0.5	1.66	5.12	1	0.407	0.551	4	9	2	0	0	0	0	0
97	kuo4	Hunan	No	South	F	18	3	2	8	4	13	0	1	10.3	0.735	0.357	1.93	4.14	3	0.065	0.549	7	4	0	0	0	0	0	2
97	c@N1	Hunan	No	South	F	18	3	2	8	5	15	1	0	10.61	0.831	0.312	2.08	2.88	3	-0.314	0.554	5	6	0	0	0	0	0	4
97	an3	Hunan	No	South	F	18	3	2	8	6	19	0	0	14.42	0.849	0.579	1.83	5.4	1	0.19	0.442	6	10	3	0	0	0	0	0
98	an3	Shandong	Yes	North	F	19	1	1	8	1	12	0	1	8.64	0.818	0.462	2.06	2.62	1	-0.095	0.092	4	7	1	0	0	0	0	0
98	c@N1	Shandong	Yes	North	F	19	1	1	8	2	12	0	0	9.96	0.888	0.583	1.85	3.85	1	0.157	0.405	6	6	0	0	0	0	0	0
98	iE1	Shandong	Yes	North	F	19	1	1	8	3	12	0	0	6	0.75	0.333	1.96	3.69	2	0.107	0.718	3	0	0	0	0	0	0	9
98	kuo4	Shandong	Yes	North	F	19	1	1	8	4	9	0	0	6.97	0.813	0.444	2.02	2.2	1	-0.048	0.083	4	3	2	0	0	0	0	0
98	uaI4	Shandong	Yes	North	F	19	1	1	8	5	12	0	0	9.28	0.83	0.5	1.9	3.08	1	0.194	0.369	4	6	2	0	0	0	0	0
98	tu2	Shandong	Yes	North	F	19	1	1	8	6	17	0	0	12.5	0.735	0.471	1.68	5.44	1	0.294	0.635	8	6	3	0	0	0	0	0
99	tu2	Guizhou	Yes	South	M	20	2	1	6	1	15	0	1	9	0.719	0.312	1.82	3.75	3	0.264	0.637	4	7	0	0	0	0	0	4
99	iE1	Guizhou	Yes	South	M	20	2	1	6	2	8	0	1	6.3	0.924	0.444	1.56	3.56	1	0.068	0.526	3	5	0	0	0	0	0	0
99	an3	Guizhou	Yes	South	M	20	2	1	6	3	13	0	1	8.54	0.587	0.143	2.56	1.86	5	-0.015	0.338	3	4	0	0	0	0	0	6
99	kuo4	Guizhou	Yes	South	M	20	2	1	6	4	8	0	0	7.32	0.83	0.25	1.61	3.11	2	-0.043	0.644	6	1	0	0	0	0	0	1
99	c@N1	Guizhou	Yes	South	M	20	2	1	6	5	12	0	1	9.63	0.792	0.231	1.86	3.23	2	0.053	0.651	6	4	1	0	0	0	0	1
99	uaI4	Guizhou	Yes	South	M	20	2	1	6	6	11	0	0	10.32	0.862	0.182	1.53	5.5	1	-0.027	0.59	9	2	0	0	0	0	0	0
100	tu2	Shanghai	No	South	M	26	3	2	6	1	29	2	0	17.98	0.831	0.581	2.26	5.67	1	0.469	0.465	6	16	6	1	0	0	0	0
100	an3	Shanghai	No	South	M	26	3	2	6	2	31	0	0	22.22	0.864	0.645	2.02	6.81	1	0.53	0.468	8	18	5	0	0	0	0	0
100	kuo4	Shanghai	No	South	M	26	3	2	6	3	25	2	1	18.33	0.837	0.464	2.33	4.77	1	0.424	0.552	7	13	4	1	0	0	0	0
100	c@N1	Shanghai	No	South	M	26	3	2	6	4	25	1	0	15.24	0.792	0.462	2.39	3.38	3	-0.012	0.374	6	7	1	0	0	0	0	11
100	uaI4	Shanghai	No	South	M	26	3	2	6	5	28	1	0	22.56	0.848	0.517	2.12	5.52	1	0.329	0.656	12	15	1	0	0	0	0	0
100	iE1	Shanghai	No	South	M	26	3	2	6	6	18	1	0	11.36	0.818	0.316	2.41	2.84	2	-0.046	0.502	4	5	3	2	1	0	0	3
101	tu2	Shaanxi	Yes	North	M	19	2	1	6	1	5	0	0	1.16	0.4	0	3.13	0.67	4	-0.5	0	0	0	0	0	0	0	0	5
101	an3	Shaanxi	Yes	North	M	19	2	1	6	2	8	0	0	3.83	0.708	0	2.39	2	3	-0.291	0.333	2	3	0	0	0	0	0	3
101	kuo4	Shaanxi	Yes	North	M	19	2	1	6	3	8	0	0	6.25	0.739	0.25	2.14	2.22	1	-0.667	0.426	4	1	2	1	0	0	0	0
101	uaI4	Shaanxi	Yes	North	M	19	2	1	6	4	6	0	1	3.64	0.663	0.143	2.43	0.86	4	-0.429	0	1	1	0	0	0	0	0	4
101	iE1	Shaanxi	Yes	North	M	19	2	1	6	5	6	0	1	4.82	0.617	0.571	1.71	2.57	1	-0.174	0.381	3	3	0	0	0	0	0	0
101	c@N1	Shaanxi	Yes	North	M	19	2	1	6	6	7	1	0	6.32	0.79	0.375	1.89	2.5	1	-0.313	0.358	5	2	0	0	0	0	0	0
102	c@N1	Shandong	Yes	North	M	19	1	1	7	1	17	0	0	10.6	0.782	0.588	2.35	3.33	1	0.066	0.17	4	6	6	1	0	0	0	0
102	an3	Shandong	Yes	North	M	19	1	1	7	2	15	0	1	9.5	0.719	0.312	2.81	2.38	4	-0.134	0.479	3	1	0	0	0	0	0	11
102	tu2	Shandong	Yes	North	M	19	1	1	7	3	21	0	1	14.5	0.864	0.682	1.66	7.09	1	0.357	0.507	8	13	0	0	0	0	0	0
102	uaI4	Shandong	Yes	North	M	19	1	1	7	4	8	0	1	5.07	0.75	0.444	2.39	1.56	3	-0.06	0.259	3	1	1	1	0	0	0	2
102	iE1	Shandong	Yes	North	M	19	1	1	7	5	12	0	2	8.28	0.855	0.643	1.92	3.54	2	0.162	0.262	3	6	2	0	0	0	0	1
102	kuo4	Shandong	Yes	North	M	19	1	1	7	6	13	0	0	9.96	0.895	0.692	1.93	3.71	1	0	0.245	6	5	2	0	0	0	0	0
103	uaI4	Shanghai	No	South	M	20	2	1	5	1	14	1	0	11.55	0.883	0.667	2.09	3.47	1	0.071	0.38	6	7	1	0	0	0	0	0
103	tu2	Shanghai	No	South	M	20	2	1	5	2	24	0	1	14.98	0.9	0.72	2.44	4.4	3	0.126	0.561	5	13	0	0	0	0	0	6
103	c@N1	Shanghai	No	South	M	20	2	1	5	3	14	4	0	6.61	0.757	0.5	2.47	2.13	3	0.143	0.133	1	1	0	0	0	0	0	12
103	iE1	Shanghai	No	South	M	20	2	1	5	4	20	1	2	10.29	0.76	0.696	2.54	3.05	4	0.094	0.54	4	5	0	0	0	0	0	11
103	kuo4	Shanghai	No	South	M	20	2	1	5	5	18	0	0	13.8	0.874	0.667	2.4	3.79	1	0.12	0.292	7	6	3	2	0	0	0	0
103	an3	Shanghai	No	South	M	20	2	1	5	6	29	0	1	20.81	0.899	0.633	2.06	6.73	1	0.48	0.591	7	15	6	1	0	0	0	0
104	an3	Guangdong	No	South	M	29	2	3	9	1	14	3	2	6.3	0.832	0.579	2.83	2.27	4	-0.231	0.311	2	0	0	0	0	0	0	12
104	c@N1	Guangdong	No	South	M	29	2	3	9	2	18	0	0	12.59	0.85	0.667	1.89	4.95	1	0.391	0.445	5	9	3	1	0	0	0	0
104	uaI4	Guangdong	No	South	M	29	2	3	9	3	11	0	3	8.47	0.862	0.5	2.29	2.33	2	0	0.25	4	5	0	0	0	0	0	2
104	kuo4	Guangdong	No	South	M	29	2	3	9	4	11	0	1	7.62	0.86	0.583	2.3	3.17	2	-0.078	0.556	3	4	1	0	0	0	0	3
104	tu2	Guangdong	No	South	M	29	2	3	9	5	16	0	1	10.5	0.853	0.588	1.64	5.76	1	0.277	0.622	5	11	0	0	0	0	0	0
104	iE1	Guangdong	No	South	M	29	2	3	9	6	13	0	1	8.46	0.796	0.571	2.24	2.86	2	0.117	0.345	3	5	2	1	0	0	0	2
105	iE1	Jilin	Yes	North	M	21	2	1	8	1	16	0	3	12.47	0.786	0.105	1.98	4.35	1	0	0.653	9	4	3	0	0	0	0	0
105	kuo4	Jilin	Yes	North	M	21	2	1	8	2	14	0	3	12.3	0.88	0.235	1.64	5.07	1	0.239	0.603	9	5	0	0	0	0	0	0
105	an3	Jilin	Yes	North	M	21	2	1	8	3	19	0	2	13.72	0.734	0.286	2.44	2.8	5	-0.077	0.358	6	5	1	0	0	0	0	7
105	tu2	Jilin	Yes	North	M	21	2	1	8	4	14	1	3	8.83	0.722	0.111	2.16	3.2	4	0.533	0.578	5	2	1	1	2	0	0	3
105	uaI4	Jilin	Yes	North	M	21	2	1	8	5	15	1	0	11.46	0.826	0.438	2.08	3.75	3	0.102	0.396	6	7	0	0	0	0	0	2
105	c@N1	Jilin	Yes	North	M	21	2	1	8	6	19	0	1	11.93	0.646	0.1	2.67	2.1	7	0.145	0.232	5	5	3	0	0	0	0	6
106	tu2	Jiangsu	Yes	South	F	20	3	1	8	1	24	0	0	15	0.875	0.667	1.68	7.6	1	0.21	0.567	6	18	0	0	0	0	0	0
106	c@N1	Jiangsu	Yes	South	F	20	3	1	8	2	14	1	0	11.62	0.864	0.467	1.93	3.87	1	0.3	0.514	7	5	2	0	0	0	0	0
106	uaI4	Jiangsu	Yes	South	F	20	3	1	8	3	20	0	1	15.58	0.936	0.667	1.96	5.05	1	0.413	0.53	7	12	1	0	0	0	0	0
106	iE1	Jiangsu	Yes	South	F	20	3	1	8	4	16	0	0	7.8	0.727	0.438	2.73	2.35	5	-0.302	0.51	2	1	0	0	0	0	0	13
106	an3	Jiangsu	Yes	South	F	20	3	1	8	5	26	0	0	20.06	0.87	0.654	1.73	8.52	2	0.023	0.563	9	16	0	0	0	0	0	1
106	kuo4	Jiangsu	Yes	South	F	20	3	1	8	6	19	0	3	15.26	0.907	0.682	1.64	6.8	1	0.157	0.528	8	11	0	0	0	0	0	0
107	c@N1	Hebei	Yes	North	M	35	3	1	6	1	10	1	0	5.39	0.514	0.091	2.96	0.73	7	-0.273	0	2	0	0	0	0	0	0	8
107	kuo4	Hebei	Yes	North	M	35	3	1	6	2	14	0	1	11.3	0.753	0.267	1.98	4.67	2	0.365	0.552	8	5	0	0	0	0	0	1
107	an3	Hebei	Yes	North	M	35	3	1	6	3	6	4	1	4.23	0.643	0	2.29	1.43	3	-0.429	0.429	2	0	0	0	0	0	0	4
107	uaI4	Hebei	Yes	North	M	35	3	1	6	4	7	4	1	4.64	0.664	0	2.04	1.75	3	-0.3	0.458	2	3	0	0	0	0	0	2
107	iE1	Hebei	Yes	North	M	35	3	1	6	5	11	2	3	5.65	0.52	0	2.83	1.5	4	-0.583	0.25	1	2	0	0	0	0	0	8
107	tu2	Hebei	Yes	North	M	35	3	1	6	6	10	1	2	5.83	0.486	0	2.6	1.27	6	-0.26	0.485	2	0	0	0	0	0	0	8
108	kuo4	Shandong	Yes	North	F	18	1	1	7	1	6	0	0	5.75	0.86	0.5	1.81	2.57	2	-0.312	0.771	5	0	0	0	0	0	0	1
108	uaI4	Shandong	Yes	North	F	18	1	1	7	2	6	0	0	6	0.887	0.333	1.52	2.86	1	-0.533	0.752	6	0	0	0	0	0	0	0
108	iE1	Shandong	Yes	North	F	18	1	1	7	3	5	0	0	4.16	0.732	0.2	1.87	1.67	2	-0.469	0.278	3	1	0	0	0	0	0	1
108	tu2	Shandong	Yes	North	F	18	1	1	7	4	10	0	0	10	0.9	0.3	1.56	4.36	1	-0.275	0.937	10	0	0	0	0	0	0	0
108	c@N1	Shandong	Yes	North	F	18	1	1	7	5	9	1	0	9	0.898	0.3	1.56	4	1	-0.488	0.731	9	0	0	0	0	0	0	0
108	an3	Shandong	Yes	North	F	18	1	1	7	6	7	0	0	7	0.951	0.286	1.36	4.5	1	-0.096	0.94	7	0	0	0	0	0	0	0
109	tu2	Henan	Yes	North	F	24	3	1	6	1	15	0	1	8	0.719	0.375	1.71	4.38	1	0.535	0.571	1	1	4	2	4	3	0	0
109	c@N1	Henan	Yes	North	F	24	3	1	6	2	16	0	1	12.26	0.94	0.471	1.63	5.88	1	0.479	0.657	5	9	2	0	0	0	0	0
109	iE1	Henan	Yes	North	F	24	3	1	6	3	12	0	1	9.28	0.922	0.538	1.64	4.31	1	0.091	0.471	4	8	0	0	0	0	0	0
109	uaI4	Henan	Yes	North	F	24	3	1	6	4	20	0	0	15.26	0.864	0.5	1.89	5.62	2	0.324	0.511	8	9	2	0	0	0	0	1
109	kuo4	Henan	Yes	North	F	24	3	1	6	5	11	0	1	9.3	0.916	0.583	1.91	3.33	1	0.017	0.256	6	5	0	0	0	0	0	0
109	an3	Henan	Yes	North	F	24	3	1	6	6	26	0	0	19.54	0.882	0.654	1.68	8.3	1	0.564	0.604	7	18	1	0	0	0	0	0
110	iE1	Zhejiang	No	South	F	20	2	2	6	1	16	0	0	11.11	0.789	0.438	2.37	2.35	4	0.118	0.396	4	5	2	1	0	0	0	4
110	tu2	Zhejiang	No	South	F	20	2	2	6	2	19	0	1	11.25	0.8	0.45	1.98	5.5	2	0.546	0.534	4	6	8	0	0	0	0	1
110	uaI4	Zhejiang	No	South	F	20	2	2	6	3	19	0	0	13.54	0.808	0.579	2.56	2.8	3	-0.022	0.576	7	6	0	0	0	0	0	6
110	c@N1	Zhejiang	No	South	F	20	2	2	6	4	16	0	0	12.27	0.851	0.375	1.89	4.12	1	0.408	0.48	6	6	3	1	0	0	0	0
110	an3	Zhejiang	No	South	F	20	2	2	6	5	15	0	0	10.24	0.909	0.4	1.71	4.38	1	0.468	0.62	1	2	8	3	1	0	0	0
110	kuo4	Zhejiang	No	South	F	20	2	2	6	6	16	0	0	13.28	0.894	0.438	1.65	5.65	1	0.517	0.642	8	5	3	0	0	0	0	0
